,Position,Track Name,Artist,Streams,URL,danceability,energy,key,loudness,mode,speechiness,acousticness,instrumentalness,liveness,valence,tempo,type,id,uri,analysis_url,duration_ms,time_signature
0,1,Zebbiana,Skusta Clee,1774224,https://open.spotify.com/track/6IdEQ3HUseBeRUYFSzSMdL,0.677,0.433,8.0,-8.517999999999999,1.0,0.037000000000000005,0.545,0.0,0.105,0.498,134.006,audio_features,6IdEQ3HUseBeRUYFSzSMdL,spotify:track:6IdEQ3HUseBeRUYFSzSMdL,https://api.spotify.com/v1/audio-analysis/6IdEQ3HUseBeRUYFSzSMdL,304664.0,4.0
1,2,Pagtingin,Ben&Ben,1561202,https://open.spotify.com/track/5l9g7py8RCblcvbZgGQgSd,0.669,0.42,2.0,-8.464,1.0,0.0253,0.506,0.0,0.40399999999999997,0.523,95.04899999999999,audio_features,5l9g7py8RCblcvbZgGQgSd,spotify:track:5l9g7py8RCblcvbZgGQgSd,https://api.spotify.com/v1/audio-analysis/5l9g7py8RCblcvbZgGQgSd,227370.0,4.0
2,3,Señorita,Shawn Mendes,1481793,https://open.spotify.com/track/6v3KW9xbzN5yKLt9YKDYA2,0.759,0.5479999999999999,9.0,-6.0489999999999995,0.0,0.028999999999999998,0.0392,0.0,0.0828,0.7490000000000001,116.96700000000001,audio_features,6v3KW9xbzN5yKLt9YKDYA2,spotify:track:6v3KW9xbzN5yKLt9YKDYA2,https://api.spotify.com/v1/audio-analysis/6v3KW9xbzN5yKLt9YKDYA2,190800.0,4.0
3,4,Ikaw At Ako,Moira Dela Torre,1440968,https://open.spotify.com/track/0gDRtumoR9ZrvAlnniToMz,0.445,0.355,4.0,-7.351,1.0,0.0289,0.887,0.00179,0.322,0.366,135.525,audio_features,0gDRtumoR9ZrvAlnniToMz,spotify:track:0gDRtumoR9ZrvAlnniToMz,https://api.spotify.com/v1/audio-analysis/0gDRtumoR9ZrvAlnniToMz,269877.0,4.0
4,5,Kung 'Di Rin Lang Ikaw,December Avenue,1222705,https://open.spotify.com/track/2BgD4nRyx9EZ5o8YEnjRSV,0.502,0.48200000000000004,4.0,-4.736000000000001,1.0,0.0288,0.161,0.0,0.187,0.132,133.894,audio_features,2BgD4nRyx9EZ5o8YEnjRSV,spotify:track:2BgD4nRyx9EZ5o8YEnjRSV,https://api.spotify.com/v1/audio-analysis/2BgD4nRyx9EZ5o8YEnjRSV,267759.0,4.0
5,6,Sa Susunod Na Lang,PDL,1198972,https://open.spotify.com/track/34ob61cxp34Sf7KHK6RnSU,0.595,0.57,5.0,-6.232,0.0,0.12,0.10400000000000001,0.0,0.0899,0.721,84.929,audio_features,34ob61cxp34Sf7KHK6RnSU,spotify:track:34ob61cxp34Sf7KHK6RnSU,https://api.spotify.com/v1/audio-analysis/34ob61cxp34Sf7KHK6RnSU,214607.0,4.0
6,7,Beautiful People (feat. Khalid),Ed Sheeran,1103009,https://open.spotify.com/track/70eFcWOvlMObDhURTqT4Fv,0.64,0.647,5.0,-8.113999999999999,0.0,0.18600000000000003,0.124,0.0,0.0801,0.546,92.979,audio_features,70eFcWOvlMObDhURTqT4Fv,spotify:track:70eFcWOvlMObDhURTqT4Fv,https://api.spotify.com/v1/audio-analysis/70eFcWOvlMObDhURTqT4Fv,197867.0,4.0
7,8,comethru,Jeremy Zucker,1029105,https://open.spotify.com/track/18uwL0vNUanqZH0ro2QcOP,0.795,0.17800000000000002,0.0,-11.991,1.0,0.0574,0.607,0.0,0.623,0.608,93.98200000000001,audio_features,18uwL0vNUanqZH0ro2QcOP,spotify:track:18uwL0vNUanqZH0ro2QcOP,https://api.spotify.com/v1/audio-analysis/18uwL0vNUanqZH0ro2QcOP,181613.0,4.0
8,9,Lover,Taylor Swift,1019642,https://open.spotify.com/track/1dGr1c8CrMLDpV6mPbImSI,0.359,0.5429999999999999,7.0,-7.582000000000001,1.0,0.0919,0.49200000000000005,1.58e-05,0.11800000000000001,0.45299999999999996,68.53399999999999,audio_features,1dGr1c8CrMLDpV6mPbImSI,spotify:track:1dGr1c8CrMLDpV6mPbImSI,https://api.spotify.com/v1/audio-analysis/1dGr1c8CrMLDpV6mPbImSI,221307.0,4.0
9,10,Circles,Post Malone,982037,https://open.spotify.com/track/21jGcNKet2qwijlDFuPiPb,0.695,0.762,0.0,-3.497,1.0,0.0395,0.192,0.00244,0.0863,0.5529999999999999,120.042,audio_features,21jGcNKet2qwijlDFuPiPb,spotify:track:21jGcNKet2qwijlDFuPiPb,https://api.spotify.com/v1/audio-analysis/21jGcNKet2qwijlDFuPiPb,215280.0,4.0
10,11,I Don't Care (with Justin Bieber),Ed Sheeran,970612,https://open.spotify.com/track/0hVXuCcriWRGvwMV1r5Yn9,0.7979999999999999,0.6759999999999999,6.0,-5.041,1.0,0.0442,0.0902,0.0,0.0894,0.843,101.956,audio_features,0hVXuCcriWRGvwMV1r5Yn9,spotify:track:0hVXuCcriWRGvwMV1r5Yn9,https://api.spotify.com/v1/audio-analysis/0hVXuCcriWRGvwMV1r5Yn9,219947.0,4.0
11,12,How Do You Sleep?,Sam Smith,958094,https://open.spotify.com/track/6b2RcmUt1g9N9mQ3CbjX2Y,0.47700000000000004,0.682,1.0,-4.931,0.0,0.0925,0.153,0.0,0.0763,0.345,110.56700000000001,audio_features,6b2RcmUt1g9N9mQ3CbjX2Y,spotify:track:6b2RcmUt1g9N9mQ3CbjX2Y,https://api.spotify.com/v1/audio-analysis/6b2RcmUt1g9N9mQ3CbjX2Y,202205.0,5.0
12,13,Sana,I Belong to the Zoo,908343,https://open.spotify.com/track/1X4l4i472kW5ofFP8Xo0x0,0.66,0.373,7.0,-7.874,1.0,0.028999999999999998,0.701,0.0,0.226,0.348,126.887,audio_features,1X4l4i472kW5ofFP8Xo0x0,spotify:track:1X4l4i472kW5ofFP8Xo0x0,https://api.spotify.com/v1/audio-analysis/1X4l4i472kW5ofFP8Xo0x0,277099.0,4.0
13,14,Kathang Isip,Ben&Ben,903322,https://open.spotify.com/track/3WUEs51GpcvlgU7lehLgLh,0.491,0.314,10.0,-8.58,1.0,0.0301,0.7759999999999999,4.76e-06,0.152,0.295,126.921,audio_features,3WUEs51GpcvlgU7lehLgLh,spotify:track:3WUEs51GpcvlgU7lehLgLh,https://api.spotify.com/v1/audio-analysis/3WUEs51GpcvlgU7lehLgLh,318814.0,4.0
14,15,Hindi Na Nga,This Band,887724,https://open.spotify.com/track/2RgD3eO4IIGF16rR8Ch8OV,0.396,0.413,7.0,-11.565999999999999,1.0,0.0334,0.0877,2.95e-05,0.124,0.10800000000000001,136.81799999999998,audio_features,2RgD3eO4IIGF16rR8Ch8OV,spotify:track:2RgD3eO4IIGF16rR8Ch8OV,https://api.spotify.com/v1/audio-analysis/2RgD3eO4IIGF16rR8Ch8OV,282442.0,4.0
15,16,Huling Sandali (Tayo Sa Huling Buwan Ng Taon Official Soundtrack),December Avenue,882482,https://open.spotify.com/track/24ngpWhBOxKJtIPnzSNX8c,0.465,0.5920000000000001,4.0,-4.905,1.0,0.0293,0.0208,1.51e-06,0.0929,0.11699999999999999,139.86700000000002,audio_features,24ngpWhBOxKJtIPnzSNX8c,spotify:track:24ngpWhBOxKJtIPnzSNX8c,https://api.spotify.com/v1/audio-analysis/24ngpWhBOxKJtIPnzSNX8c,343018.0,4.0
16,17,I.F.L.Y.,Bazzi,842366,https://open.spotify.com/track/4a6q8CR2hzLk2plDkSxkfD,0.812,0.519,2.0,-4.823,1.0,0.0385,0.379,0.0,0.13,0.5539999999999999,104.954,audio_features,4a6q8CR2hzLk2plDkSxkfD,spotify:track:4a6q8CR2hzLk2plDkSxkfD,https://api.spotify.com/v1/audio-analysis/4a6q8CR2hzLk2plDkSxkfD,165714.0,4.0
17,18,Nobody Knows,Russ,800500,https://open.spotify.com/track/1pNAf6W7POwjOD8x8mWf8G,0.715,0.71,4.0,-9.504,1.0,0.43200000000000005,0.445,0.00028399999999999996,0.10300000000000001,0.526,162.043,audio_features,1pNAf6W7POwjOD8x8mWf8G,spotify:track:1pNAf6W7POwjOD8x8mWf8G,https://api.spotify.com/v1/audio-analysis/1pNAf6W7POwjOD8x8mWf8G,215556.0,4.0
18,19,Dahan,December Avenue,799793,https://open.spotify.com/track/6BxJLJw228OY5BFerPGl7z,0.516,0.529,10.0,-6.596,1.0,0.0257,0.318,0.0,0.198,0.295,129.97299999999998,audio_features,6BxJLJw228OY5BFerPGl7z,spotify:track:6BxJLJw228OY5BFerPGl7z,https://api.spotify.com/v1/audio-analysis/6BxJLJw228OY5BFerPGl7z,297501.0,4.0
19,20,Feel Special,TWICE,796423,https://open.spotify.com/track/14rWuS6yllHOdfZ8sZsZUj,,,,,,,,,,,,,,,,,
20,21,Maybe The Night,Ben&Ben,783006,https://open.spotify.com/track/1yDiru08Q6omDOGkZMPnei,0.5720000000000001,0.522,2.0,-9.095,1.0,0.0367,0.113,4.91e-05,0.114,0.498,74.05,audio_features,1yDiru08Q6omDOGkZMPnei,spotify:track:1yDiru08Q6omDOGkZMPnei,https://api.spotify.com/v1/audio-analysis/1yDiru08Q6omDOGkZMPnei,217197.0,4.0
21,22,Bagay Tayo,ALLMO$T,773921,https://open.spotify.com/track/2mwd0LWLBgtQBEOLG96nbU,0.804,0.557,0.0,-8.658,1.0,0.163,0.322,0.0,0.106,0.645,100.053,audio_features,2mwd0LWLBgtQBEOLG96nbU,spotify:track:2mwd0LWLBgtQBEOLG96nbU,https://api.spotify.com/v1/audio-analysis/2mwd0LWLBgtQBEOLG96nbU,397034.0,4.0
22,23,Goodbyes (Feat. Young Thug),Post Malone,764149,https://open.spotify.com/track/6vBdBCoOhKHiYDDOcorfNo,0.58,0.653,5.0,-3.818,1.0,0.0745,0.447,0.0,0.111,0.175,150.231,audio_features,6vBdBCoOhKHiYDDOcorfNo,spotify:track:6vBdBCoOhKHiYDDOcorfNo,https://api.spotify.com/v1/audio-analysis/6vBdBCoOhKHiYDDOcorfNo,174960.0,4.0
23,24,Sanctuary,Joji,755595,https://open.spotify.com/track/3xaugmCyXrVkrDTXbFkMW3,,,,,,,,,,,,,,,,,
24,25,"fuck, i'm lonely",Lauv,752807,https://open.spotify.com/track/322tcqPhma7F6hfCeLisx0,0.8059999999999999,0.5579999999999999,9.0,-6.46,1.0,0.0683,0.48200000000000004,0.0,0.0618,0.6779999999999999,95.016,audio_features,322tcqPhma7F6hfCeLisx0,spotify:track:322tcqPhma7F6hfCeLisx0,https://api.spotify.com/v1/audio-analysis/322tcqPhma7F6hfCeLisx0,198973.0,4.0
25,26,Don’t Call Me Angel (Charlie’s Angels) (with Miley Cyrus & Lana Del Rey),Ariana Grande,721292,https://open.spotify.com/track/3NkJNL3WqO1Lqc3uNDxvCN,0.643,0.721,1.0,-5.247999999999999,1.0,0.0449,0.00268,6.51e-06,0.0898,0.317,102.914,audio_features,3NkJNL3WqO1Lqc3uNDxvCN,spotify:track:3NkJNL3WqO1Lqc3uNDxvCN,https://api.spotify.com/v1/audio-analysis/3NkJNL3WqO1Lqc3uNDxvCN,190107.0,4.0
26,27,"Patawad, Paalam",Moira Dela Torre,718159,https://open.spotify.com/track/14BG5B1EJSCyNpZt096xXc,,,,,,,,,,,,,,,,,
27,28,It's You,Ali Gatie,710982,https://open.spotify.com/track/6moU77g9RQyMzHNuKEaQKq,,,,,,,,,,,,,,,,,
28,29,Someone You Loved,Lewis Capaldi,705401,https://open.spotify.com/track/7qEHsqek33rTcFNT9PFqLf,0.501,0.405,1.0,-5.678999999999999,1.0,0.0319,0.7509999999999999,0.0,0.105,0.446,109.891,audio_features,7qEHsqek33rTcFNT9PFqLf,spotify:track:7qEHsqek33rTcFNT9PFqLf,https://api.spotify.com/v1/audio-analysis/7qEHsqek33rTcFNT9PFqLf,182161.0,4.0
29,30,'Di Na Babalik,This Band,703858,https://open.spotify.com/track/7hoP5NDUXEbmOawvEAsi8h,0.358,0.435,10.0,-7.265,1.0,0.0349,0.008190000000000001,0.000936,0.11199999999999999,0.14,76.132,audio_features,7hoP5NDUXEbmOawvEAsi8h,spotify:track:7hoP5NDUXEbmOawvEAsi8h,https://api.spotify.com/v1/audio-analysis/7hoP5NDUXEbmOawvEAsi8h,340262.0,4.0
30,31,Sa Ngalan Ng Pag-Ibig,December Avenue,681531,https://open.spotify.com/track/00mBzIWv5gHOYxwuEJXjOG,0.518,0.762,7.0,-3.907,1.0,0.0305,0.0851,0.0,0.14800000000000002,0.271,155.985,audio_features,00mBzIWv5gHOYxwuEJXjOG,spotify:track:00mBzIWv5gHOYxwuEJXjOG,https://api.spotify.com/v1/audio-analysis/00mBzIWv5gHOYxwuEJXjOG,285138.0,4.0
31,32,Balang Araw,I Belong to the Zoo,680739,https://open.spotify.com/track/5NXdUJ3Z2jhlp2u1cj6f7m,0.523,0.391,7.0,-9.283,1.0,0.0298,0.395,0.0,0.142,0.354,139.905,audio_features,5NXdUJ3Z2jhlp2u1cj6f7m,spotify:track:5NXdUJ3Z2jhlp2u1cj6f7m,https://api.spotify.com/v1/audio-analysis/5NXdUJ3Z2jhlp2u1cj6f7m,288208.0,4.0
32,33,Mabagal,Daniel Padilla,678483,https://open.spotify.com/track/07JZJ9YJRaiUAz9Bv8wgwH,,,,,,,,,,,,,,,,,
33,34,Memories,Maroon 5,660476,https://open.spotify.com/track/2b8fOow8UzyDFAE27YhOZM,0.764,0.32,11.0,-7.209,1.0,0.0546,0.8370000000000001,0.0,0.0822,0.575,91.01899999999999,audio_features,2b8fOow8UzyDFAE27YhOZM,spotify:track:2b8fOow8UzyDFAE27YhOZM,https://api.spotify.com/v1/audio-analysis/2b8fOow8UzyDFAE27YhOZM,189486.0,4.0
34,35,Cruel Summer,Taylor Swift,650820,https://open.spotify.com/track/1BxfuPKGuaTgP7aM0Bbdwr,0.552,0.7020000000000001,9.0,-5.707000000000001,1.0,0.157,0.11699999999999999,2.0600000000000003e-05,0.105,0.564,169.99400000000003,audio_features,1BxfuPKGuaTgP7aM0Bbdwr,spotify:track:1BxfuPKGuaTgP7aM0Bbdwr,https://api.spotify.com/v1/audio-analysis/1BxfuPKGuaTgP7aM0Bbdwr,178427.0,4.0
35,36,Paalam,Moira Dela Torre,634537,https://open.spotify.com/track/22AZDYG6qrjMFg0ceeL9X6,,,,,,,,,,,,,,,,,
36,37,Dalaga,Arvey,607074,https://open.spotify.com/track/3iZB3VUDerY5P96rhBKwKr,0.889,0.5660000000000001,0.0,-5.942,0.0,0.0618,0.179,0.000537,0.0325,0.937,95.95299999999999,audio_features,3iZB3VUDerY5P96rhBKwKr,spotify:track:3iZB3VUDerY5P96rhBKwKr,https://api.spotify.com/v1/audio-analysis/3iZB3VUDerY5P96rhBKwKr,192940.0,4.0
37,38,Kahit Ayaw Mo Na,This Band,600934,https://open.spotify.com/track/58grXgbCj7t5ulr0TGLIr9,0.662,0.529,2.0,-8.539,1.0,0.0351,0.341,0.00020800000000000001,0.105,0.424,127.584,audio_features,58grXgbCj7t5ulr0TGLIr9,spotify:track:58grXgbCj7t5ulr0TGLIr9,https://api.spotify.com/v1/audio-analysis/58grXgbCj7t5ulr0TGLIr9,243015.0,4.0
38,39,boyfriend (with Social House),Ariana Grande,600602,https://open.spotify.com/track/0Ryd8975WihbObpp5cPW1t,0.4,0.795,10.0,-3.7310000000000003,0.0,0.461,0.11900000000000001,0.0,0.159,0.7020000000000001,190.097,audio_features,0Ryd8975WihbObpp5cPW1t,spotify:track:0Ryd8975WihbObpp5cPW1t,https://api.spotify.com/v1/audio-analysis/0Ryd8975WihbObpp5cPW1t,186107.0,4.0
39,40,Liar,Camila Cabello,592215,https://open.spotify.com/track/7LzouaWGFCy4tkXDOOnEyM,0.74,0.498,11.0,-6.684,0.0,0.0456,0.0169,0.00282,0.319,0.652,98.016,audio_features,7LzouaWGFCy4tkXDOOnEyM,spotify:track:7LzouaWGFCy4tkXDOOnEyM,https://api.spotify.com/v1/audio-analysis/7LzouaWGFCy4tkXDOOnEyM,207039.0,4.0
40,41,Old Town Road - Remix,Lil Nas X,584192,https://open.spotify.com/track/2YpeDb67231RjR0MgVLzsG,0.878,0.619,6.0,-5.56,1.0,0.102,0.0533,0.0,0.113,0.639,136.041,audio_features,2YpeDb67231RjR0MgVLzsG,spotify:track:2YpeDb67231RjR0MgVLzsG,https://api.spotify.com/v1/audio-analysis/2YpeDb67231RjR0MgVLzsG,157067.0,4.0
41,42,Never Really Over,Katy Perry,581274,https://open.spotify.com/track/5PYQUBXc7NYeI1obMKSJK0,0.77,0.882,8.0,-4.792,1.0,0.0602,0.19399999999999998,0.0,0.316,0.385,99.991,audio_features,5PYQUBXc7NYeI1obMKSJK0,spotify:track:5PYQUBXc7NYeI1obMKSJK0,https://api.spotify.com/v1/audio-analysis/5PYQUBXc7NYeI1obMKSJK0,223523.0,4.0
42,43,Sunflower - Spider-Man: Into the Spider-Verse,Post Malone,550518,https://open.spotify.com/track/0RiRZpuVRbi7oqRdSMwhQY,,,,,,,,,,,,,,,,,
43,44,Missin You Crazy,Russ,548588,https://open.spotify.com/track/4ve2uzqdwnHr20G5YgMMqr,0.716,0.7290000000000001,5.0,-6.313,1.0,0.11699999999999999,0.0991,0.0,0.0842,0.276,131.975,audio_features,4ve2uzqdwnHr20G5YgMMqr,spotify:track:4ve2uzqdwnHr20G5YgMMqr,https://api.spotify.com/v1/audio-analysis/4ve2uzqdwnHr20G5YgMMqr,226693.0,4.0
44,45,Wrong,Luh Kel,531192,https://open.spotify.com/track/3EludUFeAoJAwSixWGG5Wg,0.745,0.728,0.0,-3.39,1.0,0.0423,0.35200000000000004,0.0,0.228,0.39,120.09899999999999,audio_features,3EludUFeAoJAwSixWGG5Wg,spotify:track:3EludUFeAoJAwSixWGG5Wg,https://api.spotify.com/v1/audio-analysis/3EludUFeAoJAwSixWGG5Wg,130876.0,4.0
45,46,I Like Me Better,Lauv,510936,https://open.spotify.com/track/2P91MQbaiQOfbiz9VqhqKQ,0.752,0.505,9.0,-7.621,1.0,0.253,0.535,2.55e-06,0.10400000000000001,0.419,91.97,audio_features,2P91MQbaiQOfbiz9VqhqKQ,spotify:track:2P91MQbaiQOfbiz9VqhqKQ,https://api.spotify.com/v1/audio-analysis/2P91MQbaiQOfbiz9VqhqKQ,197437.0,4.0
46,47,Could I Love You Any More (feat. Jason Mraz),Reneé Dominique,494900,https://open.spotify.com/track/6TbDpqKCksZNJjriFhPum8,0.28800000000000003,0.371,11.0,-8.001,1.0,0.0386,0.6659999999999999,0.0,0.129,0.19699999999999998,52.571999999999996,audio_features,6TbDpqKCksZNJjriFhPum8,spotify:track:6TbDpqKCksZNJjriFhPum8,https://api.spotify.com/v1/audio-analysis/6TbDpqKCksZNJjriFhPum8,189500.0,4.0
47,48,Bulong,December Avenue,475020,https://open.spotify.com/track/5nMKJJ5Rl6X1yn58aVeICO,0.5,0.728,9.0,-5.472,0.0,0.0313,0.0319,0.0,0.0782,0.35100000000000003,134.877,audio_features,5nMKJJ5Rl6X1yn58aVeICO,spotify:track:5nMKJJ5Rl6X1yn58aVeICO,https://api.spotify.com/v1/audio-analysis/5nMKJJ5Rl6X1yn58aVeICO,270233.0,4.0
48,49,Nobela,Join The Club,474234,https://open.spotify.com/track/3vGkyQlCw8LklNip0ZUELC,0.358,0.5479999999999999,8.0,-5.997999999999999,1.0,0.027000000000000003,0.36,0.0,0.17300000000000001,0.518,163.434,audio_features,3vGkyQlCw8LklNip0ZUELC,spotify:track:3vGkyQlCw8LklNip0ZUELC,https://api.spotify.com/v1/audio-analysis/3vGkyQlCw8LklNip0ZUELC,291507.0,4.0
49,50,Hindi Tayo Pwede,The Juans,458909,https://open.spotify.com/track/6VqZS3Wmf53pbfDBVEYvnP,0.28300000000000003,0.281,11.0,-11.414000000000001,1.0,0.035,0.43700000000000006,0.00114,0.102,0.127,79.919,audio_features,6VqZS3Wmf53pbfDBVEYvnP,spotify:track:6VqZS3Wmf53pbfDBVEYvnP,https://api.spotify.com/v1/audio-analysis/6VqZS3Wmf53pbfDBVEYvnP,303937.0,4.0
50,51,You Need To Calm Down,Taylor Swift,444300,https://open.spotify.com/track/6RRNNciQGZEXnqk8SQ9yv5,0.7709999999999999,0.6709999999999999,2.0,-5.617000000000001,1.0,0.0553,0.009290000000000001,0.0,0.0637,0.7140000000000001,85.02600000000001,audio_features,6RRNNciQGZEXnqk8SQ9yv5,spotify:track:6RRNNciQGZEXnqk8SQ9yv5,https://api.spotify.com/v1/audio-analysis/6RRNNciQGZEXnqk8SQ9yv5,171360.0,4.0
51,52,Talk (feat. Disclosure),Khalid,421196,https://open.spotify.com/track/6TqXcAFInzjp0bODyvrWEq,0.9009999999999999,0.4,0.0,-8.575,1.0,0.126,0.051,0.0,0.0599,0.34600000000000003,135.984,audio_features,6TqXcAFInzjp0bODyvrWEq,spotify:track:6TqXcAFInzjp0bODyvrWEq,https://api.spotify.com/v1/audio-analysis/6TqXcAFInzjp0bODyvrWEq,197573.0,4.0
52,53,Buwan,juan karlos,418108,https://open.spotify.com/track/5f9808hpiCpuNyqqdXmpF2,0.631,0.381,7.0,-11.808,1.0,0.04,0.447,0.000171,0.0902,0.36,126.008,audio_features,5f9808hpiCpuNyqqdXmpF2,spotify:track:5f9808hpiCpuNyqqdXmpF2,https://api.spotify.com/v1/audio-analysis/5f9808hpiCpuNyqqdXmpF2,343446.0,4.0
53,54,Mundo,IV Of Spades,416300,https://open.spotify.com/track/4u8RkgV6P4TLi89SmlUtv8,0.705,0.401,6.0,-8.9,1.0,0.0376,0.17600000000000002,8.66e-06,0.0735,0.48100000000000004,140.031,audio_features,4u8RkgV6P4TLi89SmlUtv8,spotify:track:4u8RkgV6P4TLi89SmlUtv8,https://api.spotify.com/v1/audio-analysis/4u8RkgV6P4TLi89SmlUtv8,349713.0,4.0
54,55,ME! (feat. Brendon Urie of Panic! At The Disco),Taylor Swift,414460,https://open.spotify.com/track/2Rk4JlNc2TPmZe2af99d45,,,,,,,,,,,,,,,,,
55,56,Pauwi Nako,PDL,413715,https://open.spotify.com/track/2tzAN1L07SNwnOdgOEeuQr,0.657,0.746,1.0,-6.277,1.0,0.0464,0.0175,0.0,0.107,0.467,136.887,audio_features,2tzAN1L07SNwnOdgOEeuQr,spotify:track:2tzAN1L07SNwnOdgOEeuQr,https://api.spotify.com/v1/audio-analysis/2tzAN1L07SNwnOdgOEeuQr,341574.0,4.0
56,57,2002,Anne-Marie,412246,https://open.spotify.com/track/2BgEsaKNfHUdlh97KmvFyo,0.6970000000000001,0.6829999999999999,1.0,-2.8810000000000002,0.0,0.11699999999999999,0.0372,0.0,0.13699999999999998,0.603,96.133,audio_features,2BgEsaKNfHUdlh97KmvFyo,spotify:track:2BgEsaKNfHUdlh97KmvFyo,https://api.spotify.com/v1/audio-analysis/2BgEsaKNfHUdlh97KmvFyo,186987.0,4.0
57,58,Leaves,Ben&Ben,398828,https://open.spotify.com/track/6wdCelHrPh7UfliNjwRTUv,0.447,0.16,6.0,-10.895999999999999,1.0,0.0372,0.9129999999999999,0.0,0.0891,0.205,118.31299999999999,audio_features,6wdCelHrPh7UfliNjwRTUv,spotify:track:6wdCelHrPh7UfliNjwRTUv,https://api.spotify.com/v1/audio-analysis/6wdCelHrPh7UfliNjwRTUv,310709.0,3.0
58,59,Tagpuan,Moira Dela Torre,395647,https://open.spotify.com/track/0ztDBQdQmdVZvorSmIjMih,0.5660000000000001,0.121,8.0,-8.206,1.0,0.0345,0.862,0.0,0.0788,0.293,135.268,audio_features,0ztDBQdQmdVZvorSmIjMih,spotify:track:0ztDBQdQmdVZvorSmIjMih,https://api.spotify.com/v1/audio-analysis/0ztDBQdQmdVZvorSmIjMih,260240.0,4.0
59,60,Malibu Nights,LANY,382921,https://open.spotify.com/track/0Eqg0CQ7bK3RQIMPw1A7pl,0.5589999999999999,0.42200000000000004,11.0,-11.89,1.0,0.195,0.701,1.99e-06,0.0853,0.191,74.002,audio_features,0Eqg0CQ7bK3RQIMPw1A7pl,spotify:track:0Eqg0CQ7bK3RQIMPw1A7pl,https://api.spotify.com/v1/audio-analysis/0Eqg0CQ7bK3RQIMPw1A7pl,286928.0,4.0
60,61,Nang Iwan,This Band,382512,https://open.spotify.com/track/7Livy729zY16jBsppfYLRW,0.431,0.556,2.0,-7.077000000000001,1.0,0.0338,0.10099999999999999,0.0,0.12,0.318,149.775,audio_features,7Livy729zY16jBsppfYLRW,spotify:track:7Livy729zY16jBsppfYLRW,https://api.spotify.com/v1/audio-analysis/7Livy729zY16jBsppfYLRW,367890.0,4.0
61,62,Say You Won't Let Go,James Arthur,376435,https://open.spotify.com/track/5uCax9HTNlzGybIStD3vDh,0.358,0.557,10.0,-7.398,1.0,0.059000000000000004,0.695,0.0,0.0902,0.494,85.04299999999999,audio_features,5uCax9HTNlzGybIStD3vDh,spotify:track:5uCax9HTNlzGybIStD3vDh,https://api.spotify.com/v1/audio-analysis/5uCax9HTNlzGybIStD3vDh,211467.0,4.0
62,63,Dahilan,Silent Sanctuary,375968,https://open.spotify.com/track/2Gt5SmbyQjcjEqMOdEd3QE,0.63,0.40299999999999997,11.0,-10.35,1.0,0.0273,0.536,2.2800000000000002e-05,0.17800000000000002,0.509,80.016,audio_features,2Gt5SmbyQjcjEqMOdEd3QE,spotify:track:2Gt5SmbyQjcjEqMOdEd3QE,https://api.spotify.com/v1/audio-analysis/2Gt5SmbyQjcjEqMOdEd3QE,234723.0,4.0
63,64,Best Part (feat. Daniel Caesar),H.E.R.,368796,https://open.spotify.com/track/4OBZT9EnhYIV17t4pGw7ig,0.473,0.371,4.0,-10.219,0.0,0.0405,0.795,0.0,0.109,0.413,75.208,audio_features,4OBZT9EnhYIV17t4pGw7ig,spotify:track:4OBZT9EnhYIV17t4pGw7ig,https://api.spotify.com/v1/audio-analysis/4OBZT9EnhYIV17t4pGw7ig,209400.0,4.0
64,65,Kahit Di Mo Alam,December Avenue,367871,https://open.spotify.com/track/6GIzDc4xBUeYHwubWwTrhC,0.45,0.648,10.0,-4.516,1.0,0.0308,0.132,2.37e-05,0.11,0.282,144.814,audio_features,6GIzDc4xBUeYHwubWwTrhC,spotify:track:6GIzDc4xBUeYHwubWwTrhC,https://api.spotify.com/v1/audio-analysis/6GIzDc4xBUeYHwubWwTrhC,282094.0,4.0
65,66,Boy With Luv (feat. Halsey),BTS,360056,https://open.spotify.com/track/5KawlOMHjWeUjQtnuRs22c,0.645,0.862,11.0,-4.757,0.0,0.0965,0.0923,0.0,0.192,0.7979999999999999,119.991,audio_features,5KawlOMHjWeUjQtnuRs22c,spotify:track:5KawlOMHjWeUjQtnuRs22c,https://api.spotify.com/v1/audio-analysis/5KawlOMHjWeUjQtnuRs22c,229773.0,4.0
66,67,Hanggang Kailan - Umuwi Ka Na Baby,Orange & Lemons,346176,https://open.spotify.com/track/5UhpceEr5XmbVwyoIUIRnh,0.556,0.674,0.0,-5.563,1.0,0.0296,0.11599999999999999,2.19e-06,0.226,0.39899999999999997,146.433,audio_features,5UhpceEr5XmbVwyoIUIRnh,spotify:track:5UhpceEr5XmbVwyoIUIRnh,https://api.spotify.com/v1/audio-analysis/5UhpceEr5XmbVwyoIUIRnh,261867.0,4.0
67,68,Rawstarr 'Til I Die,Psychedelic Boyz,345444,https://open.spotify.com/track/6jZBYN0CFwshqb6i3m4HOL,0.5770000000000001,0.8540000000000001,11.0,-4.13,1.0,0.262,0.0728,0.0,0.337,0.624,84.08,audio_features,6jZBYN0CFwshqb6i3m4HOL,spotify:track:6jZBYN0CFwshqb6i3m4HOL,https://api.spotify.com/v1/audio-analysis/6jZBYN0CFwshqb6i3m4HOL,241424.0,4.0
68,69,Bakit Ba Ikaw,Michael Pangilinan,334092,https://open.spotify.com/track/0Vmk6Ebk4QBq7r0VAz2a6s,0.6679999999999999,0.48,10.0,-5.468999999999999,1.0,0.0284,0.5489999999999999,0.0,0.11199999999999999,0.27699999999999997,119.90299999999999,audio_features,0Vmk6Ebk4QBq7r0VAz2a6s,spotify:track:0Vmk6Ebk4QBq7r0VAz2a6s,https://api.spotify.com/v1/audio-analysis/0Vmk6Ebk4QBq7r0VAz2a6s,245587.0,4.0
69,70,Love Someone,Lukas Graham,332721,https://open.spotify.com/track/3id2EVGKc3eFAMn9nFnB0r,0.5379999999999999,0.409,9.0,-6.581,0.0,0.0505,0.172,0.0,0.11,0.265,171.838,audio_features,3id2EVGKc3eFAMn9nFnB0r,spotify:track:3id2EVGKc3eFAMn9nFnB0r,https://api.spotify.com/v1/audio-analysis/3id2EVGKc3eFAMn9nFnB0r,205440.0,4.0
70,71,Tadhana,Up Dharma Down,330392,https://open.spotify.com/track/6NFKf8vBApSvtzkapYmnVR,0.6859999999999999,0.322,6.0,-13.2,1.0,0.0369,0.165,0.0296,0.0809,0.511,155.982,audio_features,6NFKf8vBApSvtzkapYmnVR,spotify:track:6NFKf8vBApSvtzkapYmnVR,https://api.spotify.com/v1/audio-analysis/6NFKf8vBApSvtzkapYmnVR,222447.0,4.0
71,72,Karera,TJ Monterde,330203,https://open.spotify.com/track/7HthZga17TghgUiJxa2oiR,0.669,0.745,5.0,-4.303,0.0,0.0269,0.0461,0.0,0.251,0.344,99.979,audio_features,7HthZga17TghgUiJxa2oiR,spotify:track:7HthZga17TghgUiJxa2oiR,https://api.spotify.com/v1/audio-analysis/7HthZga17TghgUiJxa2oiR,203402.0,4.0
72,73,Feelings,Lauv,329049,https://open.spotify.com/track/0y675KDleCZEudjoeL1sQQ,,,,,,,,,,,,,,,,,
73,74,Kill This Love,BLACKPINK,328421,https://open.spotify.com/track/4pUCKHjJ4Ijewc37rRrvHn,0.738,0.861,2.0,-4.141,1.0,0.237,0.32,0.00175,0.325,0.58,131.974,audio_features,4pUCKHjJ4Ijewc37rRrvHn,spotify:track:4pUCKHjJ4Ijewc37rRrvHn,https://api.spotify.com/v1/audio-analysis/4pUCKHjJ4Ijewc37rRrvHn,189052.0,4.0
74,75,Kung Wala Ka,Hale,327614,https://open.spotify.com/track/4JSDhJVmo2UqdF7nxbyenn,0.5,0.33899999999999997,7.0,-7.301,1.0,0.0263,0.71,0.0022199999999999998,0.10800000000000001,0.152,136.42700000000002,audio_features,4JSDhJVmo2UqdF7nxbyenn,spotify:track:4JSDhJVmo2UqdF7nxbyenn,https://api.spotify.com/v1/audio-analysis/4JSDhJVmo2UqdF7nxbyenn,242800.0,4.0
75,76,If I Can't Have You,Shawn Mendes,325282,https://open.spotify.com/track/2bT1PH7Cw3J9p3t7nlXCdh,,,,,,,,,,,,,,,,,
76,77,bad guy,Billie Eilish,323472,https://open.spotify.com/track/2Fxmhks0bxGSBdJ92vM42m,0.701,0.425,7.0,-10.965,1.0,0.375,0.32799999999999996,0.13,0.1,0.562,135.128,audio_features,2Fxmhks0bxGSBdJ92vM42m,spotify:track:2Fxmhks0bxGSBdJ92vM42m,https://api.spotify.com/v1/audio-analysis/2Fxmhks0bxGSBdJ92vM42m,194088.0,4.0
77,78,The Man,Taylor Swift,317005,https://open.spotify.com/track/3RauEVgRgj1IuWdJ9fDs70,0.777,0.6579999999999999,0.0,-5.191,1.0,0.054000000000000006,0.0767,0.0,0.0901,0.633,110.04799999999999,audio_features,3RauEVgRgj1IuWdJ9fDs70,spotify:track:3RauEVgRgj1IuWdJ9fDs70,https://api.spotify.com/v1/audio-analysis/3RauEVgRgj1IuWdJ9fDs70,190360.0,4.0
78,79,Araw-Araw,Ben&Ben,316290,https://open.spotify.com/track/4rG3h1QwgjSSWz8EIjCFrm,0.475,0.424,11.0,-8.39,1.0,0.0295,0.5820000000000001,0.0,0.23399999999999999,0.22399999999999998,140.903,audio_features,4rG3h1QwgjSSWz8EIjCFrm,spotify:track:4rG3h1QwgjSSWz8EIjCFrm,https://api.spotify.com/v1/audio-analysis/4rG3h1QwgjSSWz8EIjCFrm,313952.0,4.0
79,80,Your Song,Parokya Ni Edgar,310115,https://open.spotify.com/track/3OpGUlDmRUXh0NkIYWoIlD,0.636,0.159,11.0,-13.117,1.0,0.0549,0.892,0.0,0.11199999999999999,0.6579999999999999,119.766,audio_features,3OpGUlDmRUXh0NkIYWoIlD,spotify:track:3OpGUlDmRUXh0NkIYWoIlD,https://api.spotify.com/v1/audio-analysis/3OpGUlDmRUXh0NkIYWoIlD,168493.0,5.0
80,81,Saint-Tropez,Post Malone,309315,https://open.spotify.com/track/05mDaV9Vb3wrzjF6OPZnhq,0.617,0.684,0.0,-3.6180000000000003,1.0,0.0439,0.0545,0.0,0.10400000000000001,0.295,132.113,audio_features,05mDaV9Vb3wrzjF6OPZnhq,spotify:track:05mDaV9Vb3wrzjF6OPZnhq,https://api.spotify.com/v1/audio-analysis/05mDaV9Vb3wrzjF6OPZnhq,150867.0,4.0
81,82,The Day You Said Goodnight,Hale,303896,https://open.spotify.com/track/0HZ3OUVrGHxttD2EuHqRm3,0.5579999999999999,0.5529999999999999,4.0,-6.669,1.0,0.0323,0.49200000000000005,0.0,0.11599999999999999,0.251,134.263,audio_features,0HZ3OUVrGHxttD2EuHqRm3,spotify:track:0HZ3OUVrGHxttD2EuHqRm3,https://api.spotify.com/v1/audio-analysis/0HZ3OUVrGHxttD2EuHqRm3,291358.0,4.0
82,83,Beautiful (feat. Camila Cabello),Bazzi,299792,https://open.spotify.com/track/4VUwkH455At9kENOfzTqmF,0.638,0.7170000000000001,2.0,-4.7219999999999995,1.0,0.0337,0.34600000000000003,0.0,0.105,0.249,100.027,audio_features,4VUwkH455At9kENOfzTqmF,spotify:track:4VUwkH455At9kENOfzTqmF,https://api.spotify.com/v1/audio-analysis/4VUwkH455At9kENOfzTqmF,180000.0,4.0
83,84,Motivation,Normani,298869,https://open.spotify.com/track/0rIAC4PXANcKmitJfoqmVm,0.599,0.887,4.0,-3.967,1.0,0.0984,0.0192,1.21e-06,0.3,0.8809999999999999,170.918,audio_features,0rIAC4PXANcKmitJfoqmVm,spotify:track:0rIAC4PXANcKmitJfoqmVm,https://api.spotify.com/v1/audio-analysis/0rIAC4PXANcKmitJfoqmVm,193837.0,4.0
84,85,I Forgot That You Existed,Taylor Swift,297014,https://open.spotify.com/track/43rA71bccXFGD4C8GOpIlN,0.664,0.316,5.0,-10.345,1.0,0.519,0.298,2.03e-06,0.0812,0.541,92.875,audio_features,43rA71bccXFGD4C8GOpIlN,spotify:track:43rA71bccXFGD4C8GOpIlN,https://api.spotify.com/v1/audio-analysis/43rA71bccXFGD4C8GOpIlN,170640.0,4.0
85,86,No Guidance (feat. Drake),Chris Brown,296540,https://open.spotify.com/track/6XHVuErjQ4XNm6nDPVCxVX,0.696,0.45399999999999996,1.0,-6.756,0.0,0.153,0.12300000000000001,0.0,0.155,0.136,92.928,audio_features,6XHVuErjQ4XNm6nDPVCxVX,spotify:track:6XHVuErjQ4XNm6nDPVCxVX,https://api.spotify.com/v1/audio-analysis/6XHVuErjQ4XNm6nDPVCxVX,260640.0,4.0
86,87,i'm so tired...,Lauv,294199,https://open.spotify.com/track/7COXchtUOMd6uIT6HvmRaI,0.599,0.733,11.0,-7.058,1.0,0.203,0.17600000000000002,0.0,0.242,0.534,102.211,audio_features,7COXchtUOMd6uIT6HvmRaI,spotify:track:7COXchtUOMd6uIT6HvmRaI,https://api.spotify.com/v1/audio-analysis/7COXchtUOMd6uIT6HvmRaI,162583.0,4.0
87,88,Panini,Lil Nas X,292987,https://open.spotify.com/track/1000nHvUdawXuUHgBod4Wv,0.703,0.594,5.0,-6.146,0.0,0.0752,0.342,0.0,0.12300000000000001,0.475,153.84799999999998,audio_features,1000nHvUdawXuUHgBod4Wv,spotify:track:1000nHvUdawXuUHgBod4Wv,https://api.spotify.com/v1/audio-analysis/1000nHvUdawXuUHgBod4Wv,114893.0,4.0
88,89,FANCY,TWICE,292348,https://open.spotify.com/track/2FXd6kKCtBIc6UfN1gH1pA,0.6970000000000001,0.8740000000000001,5.0,-2.15,0.0,0.045,0.0122,0.0,0.627,0.775,132.02200000000002,audio_features,2FXd6kKCtBIc6UfN1gH1pA,spotify:track:2FXd6kKCtBIc6UfN1gH1pA,https://api.spotify.com/v1/audio-analysis/2FXd6kKCtBIc6UfN1gH1pA,213886.0,4.0
89,90,Tell Me Where It Hurts,MYMP,287135,https://open.spotify.com/track/6C2nrsOlb3jOUGcJAmPrTA,0.726,0.542,7.0,-7.952000000000001,1.0,0.042,0.7020000000000001,0.0,0.0962,0.396,89.583,audio_features,6C2nrsOlb3jOUGcJAmPrTA,spotify:track:6C2nrsOlb3jOUGcJAmPrTA,https://api.spotify.com/v1/audio-analysis/6C2nrsOlb3jOUGcJAmPrTA,253013.0,4.0
90,91,Migraine,Moonstar88,283206,https://open.spotify.com/track/7sW3f7PqDV7BQ7qqeVBJIA,0.662,0.546,2.0,-5.867999999999999,1.0,0.0288,0.204,2.82e-06,0.12,0.196,115.053,audio_features,7sW3f7PqDV7BQ7qqeVBJIA,spotify:track:7sW3f7PqDV7BQ7qqeVBJIA,https://api.spotify.com/v1/audio-analysis/7sW3f7PqDV7BQ7qqeVBJIA,267560.0,4.0
91,92,Graveyard,Halsey,282575,https://open.spotify.com/track/6V9fHiv84WlVTg7CSnIVY2,,,,,,,,,,,,,,,,,
92,93,Too Good At Goodbyes,Sam Smith,282473,https://open.spotify.com/track/1mXVgsBdtIVeCLJnSnmtdV,0.6809999999999999,0.37200000000000005,5.0,-8.237,1.0,0.0432,0.64,0.0,0.16899999999999998,0.47600000000000003,91.87299999999999,audio_features,1mXVgsBdtIVeCLJnSnmtdV,spotify:track:1mXVgsBdtIVeCLJnSnmtdV,https://api.spotify.com/v1/audio-analysis/1mXVgsBdtIVeCLJnSnmtdV,201000.0,4.0
93,94,Ako Muna,Yeng Constantino,281812,https://open.spotify.com/track/5jLEQLkEU8Sb2fG5UQcwDM,0.547,0.573,6.0,-5.184,1.0,0.0311,0.5760000000000001,0.000153,0.0676,0.193,135.991,audio_features,5jLEQLkEU8Sb2fG5UQcwDM,spotify:track:5jLEQLkEU8Sb2fG5UQcwDM,https://api.spotify.com/v1/audio-analysis/5jLEQLkEU8Sb2fG5UQcwDM,222064.0,4.0
94,95,You Are The Reason,Calum Scott,279095,https://open.spotify.com/track/69vToJ9BMbbLlFZo7k7A7B,0.331,0.235,10.0,-7.7,1.0,0.0299,0.9179999999999999,0.0,0.13699999999999998,0.218,171.232,audio_features,69vToJ9BMbbLlFZo7k7A7B,spotify:track:69vToJ9BMbbLlFZo7k7A7B,https://api.spotify.com/v1/audio-analysis/69vToJ9BMbbLlFZo7k7A7B,204326.0,3.0
95,96,Magbalik,Callalily,275818,https://open.spotify.com/track/5zMR44ZH4KVZj4FlhTj3SE,0.40399999999999997,0.556,4.0,-8.329,1.0,0.0326,0.359,4.93e-06,0.0964,0.34,159.256,audio_features,5zMR44ZH4KVZj4FlhTj3SE,spotify:track:5zMR44ZH4KVZj4FlhTj3SE,https://api.spotify.com/v1/audio-analysis/5zMR44ZH4KVZj4FlhTj3SE,326813.0,4.0
96,97,Weak,Khel Pangilinan,275348,https://open.spotify.com/track/06cUybZMETs4i3yQO1f7p3,0.71,0.373,5.0,-10.610999999999999,0.0,0.0618,0.179,0.0,0.156,0.141,127.064,audio_features,06cUybZMETs4i3yQO1f7p3,spotify:track:06cUybZMETs4i3yQO1f7p3,https://api.spotify.com/v1/audio-analysis/06cUybZMETs4i3yQO1f7p3,211200.0,4.0
97,98,With a Smile (feat. Kelly Badon),South Border,272991,https://open.spotify.com/track/6XmskR1cMfgys1W7dExmgi,0.523,0.534,6.0,-8.94,1.0,0.0296,0.479,2.9199999999999998e-05,0.111,0.507,75.988,audio_features,6XmskR1cMfgys1W7dExmgi,spotify:track:6XmskR1cMfgys1W7dExmgi,https://api.spotify.com/v1/audio-analysis/6XmskR1cMfgys1W7dExmgi,264413.0,4.0
98,99,Truth Hurts,Lizzo,270376,https://open.spotify.com/track/5qmq61DAAOUaW8AUo8xKhh,,,,,,,,,,,,,,,,,
99,100,I Need You More Today,Caleb Santos,270173,https://open.spotify.com/track/761frfZtZ8I2g70UsjFfBK,0.474,0.522,11.0,-7.513,1.0,0.0408,0.36,0.0,0.12300000000000001,0.44799999999999995,157.225,audio_features,761frfZtZ8I2g70UsjFfBK,spotify:track:761frfZtZ8I2g70UsjFfBK,https://api.spotify.com/v1/audio-analysis/761frfZtZ8I2g70UsjFfBK,233728.0,4.0
100,101,"thank u, next",Ariana Grande,270171,https://open.spotify.com/track/3e9HZxeyfWwjeyPAMmWSSQ,0.7170000000000001,0.653,1.0,-5.6339999999999995,1.0,0.0658,0.22899999999999998,0.0,0.10099999999999999,0.41200000000000003,106.96600000000001,audio_features,3e9HZxeyfWwjeyPAMmWSSQ,spotify:track:3e9HZxeyfWwjeyPAMmWSSQ,https://api.spotify.com/v1/audio-analysis/3e9HZxeyfWwjeyPAMmWSSQ,207320.0,4.0
101,102,Dance Monkey,Tones And I,268322,https://open.spotify.com/track/1rgnBhdG2JDFTbYkYRZAku,0.825,0.593,6.0,-6.401,0.0,0.0988,0.688,0.000161,0.17,0.54,98.07799999999999,audio_features,1rgnBhdG2JDFTbYkYRZAku,spotify:track:1rgnBhdG2JDFTbYkYRZAku,https://api.spotify.com/v1/audio-analysis/1rgnBhdG2JDFTbYkYRZAku,209755.0,4.0
102,103,Dancing With A Stranger (with Normani),Sam Smith,265547,https://open.spotify.com/track/6Qs4SXO9dwPj5GKvVOv8Ki,0.741,0.52,8.0,-7.513,1.0,0.0656,0.45,1.97e-06,0.222,0.34700000000000003,102.99799999999999,audio_features,6Qs4SXO9dwPj5GKvVOv8Ki,spotify:track:6Qs4SXO9dwPj5GKvVOv8Ki,https://api.spotify.com/v1/audio-analysis/6Qs4SXO9dwPj5GKvVOv8Ki,171030.0,4.0
103,104,Ex,Callalily,262761,https://open.spotify.com/track/0GHwNr0lqf8jpc9wesmnHo,0.499,0.381,7.0,-7.855,1.0,0.0373,0.586,0.0,0.086,0.57,157.332,audio_features,0GHwNr0lqf8jpc9wesmnHo,spotify:track:0GHwNr0lqf8jpc9wesmnHo,https://api.spotify.com/v1/audio-analysis/0GHwNr0lqf8jpc9wesmnHo,279259.0,4.0
104,105,Without Me,Halsey,262192,https://open.spotify.com/track/5p7ujcrUXASCNwRaWNHR1C,0.752,0.488,6.0,-7.05,1.0,0.0705,0.297,9.11e-06,0.0936,0.5329999999999999,136.041,audio_features,5p7ujcrUXASCNwRaWNHR1C,spotify:track:5p7ujcrUXASCNwRaWNHR1C,https://api.spotify.com/v1/audio-analysis/5p7ujcrUXASCNwRaWNHR1C,201661.0,4.0
105,106,Sa Dulo Ng Walang Hanggan - Sa Ngalan Ng Pag-Ibig Piano Version,December Avenue,259269,https://open.spotify.com/track/1mTROTnvFi7uxGciL319Kb,0.605,0.336,11.0,-8.732000000000001,1.0,0.0362,0.828,0.0,0.10400000000000001,0.198,127.90700000000001,audio_features,1mTROTnvFi7uxGciL319Kb,spotify:track:1mTROTnvFi7uxGciL319Kb,https://api.spotify.com/v1/audio-analysis/1mTROTnvFi7uxGciL319Kb,342068.0,4.0
106,107,Rainbow,South Border,257725,https://open.spotify.com/track/3ueq4reab02CypseErxvwS,0.428,0.34600000000000003,5.0,-7.0920000000000005,1.0,0.0324,0.428,0.0,0.10099999999999999,0.4,87.185,audio_features,3ueq4reab02CypseErxvwS,spotify:track:3ueq4reab02CypseErxvwS,https://api.spotify.com/v1/audio-analysis/3ueq4reab02CypseErxvwS,345156.0,4.0
107,108,Cornelia Street,Taylor Swift,254744,https://open.spotify.com/track/12M5uqx0ZuwkpLp5rJim1a,0.8240000000000001,0.624,0.0,-9.728,1.0,0.0827,0.7809999999999999,0.00018899999999999999,0.1,0.248,102.012,audio_features,12M5uqx0ZuwkpLp5rJim1a,spotify:track:12M5uqx0ZuwkpLp5rJim1a,https://api.spotify.com/v1/audio-analysis/12M5uqx0ZuwkpLp5rJim1a,287267.0,4.0
108,109,Your Song (My One and Only You),Julie Anne San Jose,254580,https://open.spotify.com/track/5Seh4HfqT1mFnRJQswqz51,0.507,0.36700000000000005,6.0,-7.212999999999999,1.0,0.0285,0.726,0.0,0.0765,0.36200000000000004,84.02600000000001,audio_features,5Seh4HfqT1mFnRJQswqz51,spotify:track:5Seh4HfqT1mFnRJQswqz51,https://api.spotify.com/v1/audio-analysis/5Seh4HfqT1mFnRJQswqz51,223547.0,4.0
109,110,"A Whole New World (End Title) - From ""Aladdin""",ZAYN,253534,https://open.spotify.com/track/1iWHabUgUuuKLBa0TzTHfk,0.302,0.414,2.0,-8.16,1.0,0.0319,0.0575,0.0,0.0861,0.105,110.508,audio_features,1iWHabUgUuuKLBa0TzTHfk,spotify:track:1iWHabUgUuuKLBa0TzTHfk,https://api.spotify.com/v1/audio-analysis/1iWHabUgUuuKLBa0TzTHfk,242956.0,4.0
110,111,Ang Huling El Bimbo,Eraserheads,251698,https://open.spotify.com/track/135ggzbjOogZ75IQ0LQi8r,0.524,0.503,6.0,-11.79,1.0,0.0245,0.184,0.0,0.264,0.436,89.49700000000001,audio_features,135ggzbjOogZ75IQ0LQi8r,spotify:track:135ggzbjOogZ75IQ0LQi8r,https://api.spotify.com/v1/audio-analysis/135ggzbjOogZ75IQ0LQi8r,447333.0,4.0
111,112,Pasensya Ka Na,Silent Sanctuary,251140,https://open.spotify.com/track/0YyM8aEdbjGfLWPn6fdcn7,0.696,0.262,11.0,-15.073,1.0,0.031,0.519,0.0,0.0669,0.265,84.007,audio_features,0YyM8aEdbjGfLWPn6fdcn7,spotify:track:0YyM8aEdbjGfLWPn6fdcn7,https://api.spotify.com/v1/audio-analysis/0YyM8aEdbjGfLWPn6fdcn7,241030.0,4.0
112,113,Stickwitu,The Pussycat Dolls,250673,https://open.spotify.com/track/4NjR63Up0uMkQBlKvlZd1l,,,,,,,,,,,,,,,,,
113,114,Walwal,VVS Collective,249932,https://open.spotify.com/track/1k2sk3NuZxy06Os3KTAnA2,0.6729999999999999,0.5329999999999999,5.0,-9.498,0.0,0.0416,0.092,1.7199999999999998e-05,0.12,0.384,160.026,audio_features,1k2sk3NuZxy06Os3KTAnA2,spotify:track:1k2sk3NuZxy06Os3KTAnA2,https://api.spotify.com/v1/audio-analysis/1k2sk3NuZxy06Os3KTAnA2,414648.0,4.0
114,115,Girls Like You (feat. Cardi B),Maroon 5,249394,https://open.spotify.com/track/7fa9MBXhVfQ8P8Df9OEbD8,0.851,0.541,0.0,-6.825,1.0,0.0505,0.568,0.0,0.13,0.44799999999999995,124.959,audio_features,7fa9MBXhVfQ8P8Df9OEbD8,spotify:track:7fa9MBXhVfQ8P8Df9OEbD8,https://api.spotify.com/v1/audio-analysis/7fa9MBXhVfQ8P8Df9OEbD8,235545.0,4.0
115,116,Tagu-Taguan,Moira Dela Torre,244873,https://open.spotify.com/track/2iOnWSWcChoGmUufbrQ00e,0.633,0.28,2.0,-11.192,1.0,0.0389,0.831,8.83e-05,0.113,0.152,87.963,audio_features,2iOnWSWcChoGmUufbrQ00e,spotify:track:2iOnWSWcChoGmUufbrQ00e,https://api.spotify.com/v1/audio-analysis/2iOnWSWcChoGmUufbrQ00e,249160.0,4.0
116,117,What Am I,Why Don't We,244377,https://open.spotify.com/track/0TMGV2zMZXOILVtQLtkI3G,0.614,0.647,0.0,-4.681,0.0,0.0524,0.0687,0.0,0.10400000000000001,0.368,163.862,audio_features,0TMGV2zMZXOILVtQLtkI3G,spotify:track:0TMGV2zMZXOILVtQLtkI3G,https://api.spotify.com/v1/audio-analysis/0TMGV2zMZXOILVtQLtkI3G,184665.0,4.0
117,118,Someday,Nina,244060,https://open.spotify.com/track/1MkiRsYBkXbXvdiYvTTiQT,0.556,0.212,6.0,-11.197000000000001,1.0,0.0406,0.941,0.0,0.0982,0.514,133.392,audio_features,1MkiRsYBkXbXvdiYvTTiQT,spotify:track:1MkiRsYBkXbXvdiYvTTiQT,https://api.spotify.com/v1/audio-analysis/1MkiRsYBkXbXvdiYvTTiQT,214773.0,4.0
118,119,Happier,Marshmello,239848,https://open.spotify.com/track/2dpaYNEQHiRxtZbfNsse99,0.687,0.792,5.0,-2.7489999999999997,1.0,0.0452,0.191,0.0,0.16699999999999998,0.6709999999999999,100.015,audio_features,2dpaYNEQHiRxtZbfNsse99,spotify:track:2dpaYNEQHiRxtZbfNsse99,https://api.spotify.com/v1/audio-analysis/2dpaYNEQHiRxtZbfNsse99,214290.0,4.0
119,120,Eastside (with Halsey & Khalid),benny blanco,239839,https://open.spotify.com/track/7FGq80cy8juXBCD2nrqdWU,0.632,0.6859999999999999,6.0,-7.665,0.0,0.243,0.5489999999999999,0.0,0.2,0.32899999999999996,89.949,audio_features,7FGq80cy8juXBCD2nrqdWU,spotify:track:7FGq80cy8juXBCD2nrqdWU,https://api.spotify.com/v1/audio-analysis/7FGq80cy8juXBCD2nrqdWU,170770.0,4.0
120,121,Isa Pang Araw,Sarah Geronimo,239257,https://open.spotify.com/track/1KbQcIJWNlL0e9a81k1Fls,0.515,0.715,4.0,-4.04,0.0,0.046,0.27699999999999997,0.0,0.0725,0.41600000000000004,141.77200000000002,audio_features,1KbQcIJWNlL0e9a81k1Fls,spotify:track:1KbQcIJWNlL0e9a81k1Fls,https://api.spotify.com/v1/audio-analysis/1KbQcIJWNlL0e9a81k1Fls,220813.0,4.0
121,122,Takeaway (feat. Lennon Stella),The Chainsmokers,238720,https://open.spotify.com/track/6wo37KVqFJhtuxPTpLCcfe,,,,,,,,,,,,,,,,,
122,123,IDGAF,Dua Lipa,236598,https://open.spotify.com/track/76cy1WJvNGJTj78UqeA5zr,0.836,0.544,7.0,-5.975,1.0,0.0943,0.0403,0.0,0.0824,0.51,97.02799999999999,audio_features,76cy1WJvNGJTj78UqeA5zr,spotify:track:76cy1WJvNGJTj78UqeA5zr,https://api.spotify.com/v1/audio-analysis/76cy1WJvNGJTj78UqeA5zr,217947.0,4.0
123,124,London Boy,Taylor Swift,235744,https://open.spotify.com/track/1LLXZFeAHK9R4xUramtUKw,0.695,0.71,1.0,-6.638999999999999,1.0,0.05,0.0246,0.00010400000000000001,0.133,0.557,157.925,audio_features,1LLXZFeAHK9R4xUramtUKw,spotify:track:1LLXZFeAHK9R4xUramtUKw,https://api.spotify.com/v1/audio-analysis/1LLXZFeAHK9R4xUramtUKw,190240.0,4.0
124,125,Shape of My Heart,Backstreet Boys,235279,https://open.spotify.com/track/35o9a4iAfLl5jRmqMX9c1D,0.575,0.7859999999999999,9.0,-4.353,1.0,0.0296,0.252,0.0,0.159,0.518,96.102,audio_features,35o9a4iAfLl5jRmqMX9c1D,spotify:track:35o9a4iAfLl5jRmqMX9c1D,https://api.spotify.com/v1/audio-analysis/35o9a4iAfLl5jRmqMX9c1D,230093.0,4.0
125,126,'Di Na Muli,Janine Teñoso,235162,https://open.spotify.com/track/6p6DiqAPwMX7vdrSo30wgo,0.413,0.561,1.0,-3.092,1.0,0.0517,0.192,0.0,0.0914,0.35200000000000004,88.69,audio_features,6p6DiqAPwMX7vdrSo30wgo,spotify:track:6p6DiqAPwMX7vdrSo30wgo,https://api.spotify.com/v1/audio-analysis/6p6DiqAPwMX7vdrSo30wgo,207019.0,4.0
126,127,Oks Lang,John Roa,234882,https://open.spotify.com/track/6YEO7K4hwGKh7BmNxMMvkc,0.313,0.237,9.0,-14.538,1.0,0.0451,0.855,0.000386,0.0961,0.165,80.13,audio_features,6YEO7K4hwGKh7BmNxMMvkc,spotify:track:6YEO7K4hwGKh7BmNxMMvkc,https://api.spotify.com/v1/audio-analysis/6YEO7K4hwGKh7BmNxMMvkc,336369.0,4.0
127,128,Ikaw Lang,Kiyo,232704,https://open.spotify.com/track/2kRjoaqiyeS0Faus5wKztH,0.705,0.499,7.0,-8.554,1.0,0.0714,0.317,1.64e-05,0.131,0.5,79.992,audio_features,2kRjoaqiyeS0Faus5wKztH,spotify:track:2kRjoaqiyeS0Faus5wKztH,https://api.spotify.com/v1/audio-analysis/2kRjoaqiyeS0Faus5wKztH,241659.0,4.0
128,129,Ikaw At Ako (Movie Version),Moira Dela Torre,228612,https://open.spotify.com/track/459mgeXCLhqviFmgP2pYOo,0.534,0.486,4.0,-9.876,1.0,0.0316,0.6659999999999999,1.32e-06,0.4,0.369,136.02200000000002,audio_features,459mgeXCLhqviFmgP2pYOo,spotify:track:459mgeXCLhqviFmgP2pYOo,https://api.spotify.com/v1/audio-analysis/459mgeXCLhqviFmgP2pYOo,237196.0,4.0
129,130,Hiling,Mark Carpio,228310,https://open.spotify.com/track/6xQs6y6CpDqK9VKCktApEL,0.58,0.244,4.0,-9.917,1.0,0.0361,0.8079999999999999,0.0,0.092,0.385,82.12100000000001,audio_features,6xQs6y6CpDqK9VKCktApEL,spotify:track:6xQs6y6CpDqK9VKCktApEL,https://api.spotify.com/v1/audio-analysis/6xQs6y6CpDqK9VKCktApEL,235010.0,4.0
130,131,Thru These Tears,LANY,226989,https://open.spotify.com/track/7GbAp0HKPQW7WnFJAzMoRk,0.711,0.517,11.0,-7.695,1.0,0.0391,0.154,0.0,0.149,0.294,119.945,audio_features,7GbAp0HKPQW7WnFJAzMoRk,spotify:track:7GbAp0HKPQW7WnFJAzMoRk,https://api.spotify.com/v1/audio-analysis/7GbAp0HKPQW7WnFJAzMoRk,204516.0,4.0
131,132,Thick And Thin,LANY,225348,https://open.spotify.com/track/3D110t9ctcoOoylXsc3iR8,0.6970000000000001,0.551,5.0,-6.178999999999999,0.0,0.0282,0.059000000000000004,0.0,0.0762,0.33899999999999997,99.99600000000001,audio_features,3D110t9ctcoOoylXsc3iR8,spotify:track:3D110t9ctcoOoylXsc3iR8,https://api.spotify.com/v1/audio-analysis/3D110t9ctcoOoylXsc3iR8,212002.0,4.0
132,133,Get You The Moon (feat. Snøw),Kina,222131,https://open.spotify.com/track/4ZLzoOkj0MPWrTLvooIuaa,0.498,0.235,1.0,-16.541,0.0,0.188,0.72,0.0,0.14400000000000002,0.0895,118.917,audio_features,4ZLzoOkj0MPWrTLvooIuaa,spotify:track:4ZLzoOkj0MPWrTLvooIuaa,https://api.spotify.com/v1/audio-analysis/4ZLzoOkj0MPWrTLvooIuaa,179080.0,4.0
133,134,Ride Home,Ben&Ben,220471,https://open.spotify.com/track/1fXHTDYsJiFOjVWITaFp1j,0.613,0.551,4.0,-8.79,1.0,0.0332,0.235,0.000672,0.175,0.43200000000000005,114.11,audio_features,1fXHTDYsJiFOjVWITaFp1j,spotify:track:1fXHTDYsJiFOjVWITaFp1j,https://api.spotify.com/v1/audio-analysis/1fXHTDYsJiFOjVWITaFp1j,326886.0,4.0
134,135,Urong Sulong,Alisson Shore,220395,https://open.spotify.com/track/2KoWHNtJrbE0WxWfQjYjyu,,,,,,,,,,,,,,,,,
135,136,Paper Rings,Taylor Swift,220093,https://open.spotify.com/track/4y5bvROuBDPr5fuwXbIBZR,0.8109999999999999,0.7190000000000001,9.0,-6.553,1.0,0.0497,0.0129,1.36e-05,0.0742,0.865,103.979,audio_features,4y5bvROuBDPr5fuwXbIBZR,spotify:track:4y5bvROuBDPr5fuwXbIBZR,https://api.spotify.com/v1/audio-analysis/4y5bvROuBDPr5fuwXbIBZR,222400.0,4.0
136,137,Sila,SUD,218946,https://open.spotify.com/track/2IMODbij0lZ5CuAjZi0IDE,0.635,0.376,9.0,-6.1,1.0,0.0457,0.0104,0.0,0.109,0.28,124.57,audio_features,2IMODbij0lZ5CuAjZi0IDE,spotify:track:2IMODbij0lZ5CuAjZi0IDE,https://api.spotify.com/v1/audio-analysis/2IMODbij0lZ5CuAjZi0IDE,326000.0,4.0
137,138,Before I Let You Go,Freestyle,218491,https://open.spotify.com/track/5T8bLnWG8sg9ER8RKNZbCB,0.655,0.348,4.0,-12.091,1.0,0.0356,0.17600000000000002,0.0,0.161,0.0641,120.01100000000001,audio_features,5T8bLnWG8sg9ER8RKNZbCB,spotify:track:5T8bLnWG8sg9ER8RKNZbCB,https://api.spotify.com/v1/audio-analysis/5T8bLnWG8sg9ER8RKNZbCB,289267.0,4.0
138,139,Teeth,5 Seconds of Summer,218300,https://open.spotify.com/track/26wLOs3ZuHJa2Ihhx6QIE6,0.7490000000000001,0.461,10.0,-2.9610000000000003,0.0,0.0416,0.0516,6.24e-06,0.0738,0.42,139.02,audio_features,26wLOs3ZuHJa2Ihhx6QIE6,spotify:track:26wLOs3ZuHJa2Ihhx6QIE6,https://api.spotify.com/v1/audio-analysis/26wLOs3ZuHJa2Ihhx6QIE6,204887.0,4.0
139,140,The Archer,Taylor Swift,217863,https://open.spotify.com/track/3pHkh7d0lzM2AldUtz2x37,0.292,0.574,0.0,-9.375,1.0,0.0401,0.12,0.00569,0.0663,0.166,124.344,audio_features,3pHkh7d0lzM2AldUtz2x37,spotify:track:3pHkh7d0lzM2AldUtz2x37,https://api.spotify.com/v1/audio-analysis/3pHkh7d0lzM2AldUtz2x37,211240.0,4.0
140,141,Imahe,Magnus Haven,217046,https://open.spotify.com/track/65sEZZaxTjLMD8vNgPoMz5,0.604,0.446,9.0,-8.01,1.0,0.0341,0.63,0.0,0.0859,0.19899999999999998,143.946,audio_features,65sEZZaxTjLMD8vNgPoMz5,spotify:track:65sEZZaxTjLMD8vNgPoMz5,https://api.spotify.com/v1/audio-analysis/65sEZZaxTjLMD8vNgPoMz5,321817.0,4.0
141,142,Go Up,SB19,216997,https://open.spotify.com/track/5Gm6YoDs8N2WznOpASSB5P,0.7040000000000001,0.9440000000000001,0.0,-2.3080000000000003,0.0,0.042,0.423,0.0,0.132,0.9129999999999999,125.99600000000001,audio_features,5Gm6YoDs8N2WznOpASSB5P,spotify:track:5Gm6YoDs8N2WznOpASSB5P,https://api.spotify.com/v1/audio-analysis/5Gm6YoDs8N2WznOpASSB5P,189100.0,4.0
142,143,My Boo,Usher,216390,https://open.spotify.com/track/68vgtRHr7iZHpzGpon6Jlo,0.662,0.507,5.0,-8.238,1.0,0.11800000000000001,0.257,0.0,0.0465,0.6759999999999999,86.412,audio_features,68vgtRHr7iZHpzGpon6Jlo,spotify:track:68vgtRHr7iZHpzGpon6Jlo,https://api.spotify.com/v1/audio-analysis/68vgtRHr7iZHpzGpon6Jlo,223440.0,4.0
143,144,I Don't Wanna Love You Anymore,LANY,216362,https://open.spotify.com/track/7ArrTJ1LwcGAlEO65LUQ7i,0.7020000000000001,0.623,0.0,-8.36,1.0,0.0417,0.322,0.0,0.0858,0.503,104.97399999999999,audio_features,7ArrTJ1LwcGAlEO65LUQ7i,spotify:track:7ArrTJ1LwcGAlEO65LUQ7i,https://api.spotify.com/v1/audio-analysis/7ArrTJ1LwcGAlEO65LUQ7i,201198.0,4.0
144,145,I Think He Knows,Taylor Swift,214519,https://open.spotify.com/track/2YWtcWi3a83pdEg3Gif4Pd,0.897,0.366,0.0,-8.029,1.0,0.0569,0.00889,0.00035299999999999996,0.0715,0.41600000000000004,100.00299999999999,audio_features,2YWtcWi3a83pdEg3Gif4Pd,spotify:track:2YWtcWi3a83pdEg3Gif4Pd,https://api.spotify.com/v1/audio-analysis/2YWtcWi3a83pdEg3Gif4Pd,173387.0,4.0
145,146,She Will Be Loved - Radio Mix,Maroon 5,213980,https://open.spotify.com/track/4llK75pXNWZz6KAho2Gp16,0.6509999999999999,0.6629999999999999,0.0,-5.569,0.0,0.0281,0.228,0.0,0.0994,0.465,102.0,audio_features,4llK75pXNWZz6KAho2Gp16,spotify:track:4llK75pXNWZz6KAho2Gp16,https://api.spotify.com/v1/audio-analysis/4llK75pXNWZz6KAho2Gp16,259453.0,4.0
146,147,So Sick,Ne-Yo,213938,https://open.spotify.com/track/6brl7bwOHmGFkNw3MBqssT,0.452,0.574,6.0,-8.336,1.0,0.31,0.24600000000000002,0.0,0.18899999999999997,0.58,92.791,audio_features,6brl7bwOHmGFkNw3MBqssT,spotify:track:6brl7bwOHmGFkNw3MBqssT,https://api.spotify.com/v1/audio-analysis/6brl7bwOHmGFkNw3MBqssT,207187.0,4.0
147,148,I'm Yours,Jason Mraz,213254,https://open.spotify.com/track/3S0OXQeoh0w6AY8WQVckRW,0.6859999999999999,0.457,11.0,-8.322000000000001,1.0,0.0468,0.595,0.0,0.105,0.718,150.953,audio_features,3S0OXQeoh0w6AY8WQVckRW,spotify:track:3S0OXQeoh0w6AY8WQVckRW,https://api.spotify.com/v1/audio-analysis/3S0OXQeoh0w6AY8WQVckRW,242187.0,4.0
148,149,Best Part of Me (feat. YEBBA),Ed Sheeran,212568,https://open.spotify.com/track/0VsGaRXR5WAzpu51unJTis,0.565,0.243,2.0,-8.367,1.0,0.0317,0.758,8.82e-06,0.285,0.239,81.655,audio_features,0VsGaRXR5WAzpu51unJTis,spotify:track:0VsGaRXR5WAzpu51unJTis,https://api.spotify.com/v1/audio-analysis/0VsGaRXR5WAzpu51unJTis,243267.0,4.0
149,150,7 rings,Ariana Grande,209594,https://open.spotify.com/track/6ocbgoVGwYJhOv1GgI9NsF,0.778,0.317,1.0,-10.732000000000001,0.0,0.33399999999999996,0.5920000000000001,0.0,0.0881,0.327,140.048,audio_features,6ocbgoVGwYJhOv1GgI9NsF,spotify:track:6ocbgoVGwYJhOv1GgI9NsF,https://api.spotify.com/v1/audio-analysis/6ocbgoVGwYJhOv1GgI9NsF,178627.0,4.0
150,151,Perfect,Ed Sheeran,209394,https://open.spotify.com/track/0tgVpDi06FyKpA1z0VMD4v,0.599,0.44799999999999995,8.0,-6.312,1.0,0.0232,0.163,0.0,0.106,0.168,95.05,audio_features,0tgVpDi06FyKpA1z0VMD4v,spotify:track:0tgVpDi06FyKpA1z0VMD4v,https://api.spotify.com/v1/audio-analysis/0tgVpDi06FyKpA1z0VMD4v,263400.0,3.0
151,152,hot girl bummer,blackbear,209164,https://open.spotify.com/track/7aiClxsDWFRQ0Kzk5KI5ku,,,,,,,,,,,,,,,,,
152,153,Dating Tayo,TJ Monterde,209037,https://open.spotify.com/track/267RumTt5KeLBGl2KWxBL0,0.551,0.32899999999999996,7.0,-10.731,1.0,0.0431,0.648,3.82e-05,0.0925,0.331,139.69899999999998,audio_features,267RumTt5KeLBGl2KWxBL0,spotify:track:267RumTt5KeLBGl2KWxBL0,https://api.spotify.com/v1/audio-analysis/267RumTt5KeLBGl2KWxBL0,239480.0,4.0
153,154,You And Me,Lifehouse,207984,https://open.spotify.com/track/0815caqt2Lytro5EIzMufT,0.45899999999999996,0.42700000000000005,7.0,-7.734,1.0,0.0267,0.114,0.0,0.168,0.354,139.90200000000002,audio_features,0815caqt2Lytro5EIzMufT,spotify:track:0815caqt2Lytro5EIzMufT,https://api.spotify.com/v1/audio-analysis/0815caqt2Lytro5EIzMufT,195493.0,3.0
154,155,Lalala,Y2K,207044,https://open.spotify.com/track/51Fjme0JiitpyXKuyQiCDo,0.843,0.391,2.0,-7.899,1.0,0.0845,0.18100000000000002,0.0,0.13699999999999998,0.496,129.972,audio_features,51Fjme0JiitpyXKuyQiCDo,spotify:track:51Fjme0JiitpyXKuyQiCDo,https://api.spotify.com/v1/audio-analysis/51Fjme0JiitpyXKuyQiCDo,160627.0,4.0
155,156,Lucky,Jason Mraz,206745,https://open.spotify.com/track/2qLMf6TuEC3ruGJg4SMMN6,0.623,0.41700000000000004,0.0,-8.699,1.0,0.0354,0.29600000000000004,0.0,0.135,0.721,130.032,audio_features,2qLMf6TuEC3ruGJg4SMMN6,spotify:track:2qLMf6TuEC3ruGJg4SMMN6,https://api.spotify.com/v1/audio-analysis/2qLMf6TuEC3ruGJg4SMMN6,191360.0,4.0
156,157,Better,Khalid,206210,https://open.spotify.com/track/6zeeWid2sgw4lap2jV61PZ,0.596,0.552,0.0,-10.277999999999999,0.0,0.09699999999999999,0.0765,0.33399999999999996,0.10400000000000001,0.11199999999999999,97.949,audio_features,6zeeWid2sgw4lap2jV61PZ,spotify:track:6zeeWid2sgw4lap2jV61PZ,https://api.spotify.com/v1/audio-analysis/6zeeWid2sgw4lap2jV61PZ,229320.0,4.0
157,158,Call You Mine,The Chainsmokers,205769,https://open.spotify.com/track/1SNiXDwSilLujcYdvfqVpT,0.591,0.7020000000000001,7.0,-5.59,1.0,0.0289,0.225,0.0,0.414,0.501,104.00299999999999,audio_features,1SNiXDwSilLujcYdvfqVpT,spotify:track:1SNiXDwSilLujcYdvfqVpT,https://api.spotify.com/v1/audio-analysis/1SNiXDwSilLujcYdvfqVpT,217653.0,4.0
158,159,Paradise,Bazzi,205010,https://open.spotify.com/track/0Rx0DJI556Ix5gBny6EWmn,0.8440000000000001,0.644,11.0,-6.273,0.0,0.0479,0.0828,0.0,0.113,0.591,122.061,audio_features,0Rx0DJI556Ix5gBny6EWmn,spotify:track:0Rx0DJI556Ix5gBny6EWmn,https://api.spotify.com/v1/audio-analysis/0Rx0DJI556Ix5gBny6EWmn,169038.0,4.0
159,160,Photograph,Ed Sheeran,204976,https://open.spotify.com/track/6fxVffaTuwjgEk5h9QyRjy,0.614,0.379,4.0,-10.48,1.0,0.0476,0.607,0.00046399999999999995,0.0986,0.201,107.98899999999999,audio_features,6fxVffaTuwjgEk5h9QyRjy,spotify:track:6fxVffaTuwjgEk5h9QyRjy,https://api.spotify.com/v1/audio-analysis/6fxVffaTuwjgEk5h9QyRjy,258987.0,4.0
160,161,Nadarang,Shanti Dope,204719,https://open.spotify.com/track/6LJ1p1h5EcMK4VPeCLDSoF,0.8390000000000001,0.535,1.0,-6.968999999999999,1.0,0.0799,0.609,0.0,0.115,0.693,118.008,audio_features,6LJ1p1h5EcMK4VPeCLDSoF,spotify:track:6LJ1p1h5EcMK4VPeCLDSoF,https://api.spotify.com/v1/audio-analysis/6LJ1p1h5EcMK4VPeCLDSoF,232960.0,4.0
161,162,Happier,Ed Sheeran,204257,https://open.spotify.com/track/2RttW7RAu5nOAfq6YFvApB,0.522,0.385,0.0,-7.355,1.0,0.0288,0.536,0.0,0.135,0.23600000000000002,89.792,audio_features,2RttW7RAu5nOAfq6YFvApB,spotify:track:2RttW7RAu5nOAfq6YFvApB,https://api.spotify.com/v1/audio-analysis/2RttW7RAu5nOAfq6YFvApB,207520.0,4.0
162,163,This I Promise You,*NSYNC,204090,https://open.spotify.com/track/46n2EGFnPC3tzWCN1Aqe26,0.55,0.5870000000000001,2.0,-6.279,1.0,0.0329,0.354,0.0,0.128,0.466,165.975,audio_features,46n2EGFnPC3tzWCN1Aqe26,spotify:track:46n2EGFnPC3tzWCN1Aqe26,https://api.spotify.com/v1/audio-analysis/46n2EGFnPC3tzWCN1Aqe26,284760.0,4.0
163,164,Slide Away,Miley Cyrus,202599,https://open.spotify.com/track/44ADyYoY5liaRa3EOAl4uf,0.53,0.5379999999999999,5.0,-6.672000000000001,1.0,0.0335,0.17,2.83e-06,0.248,0.28800000000000003,148.05100000000002,audio_features,44ADyYoY5liaRa3EOAl4uf,spotify:track:44ADyYoY5liaRa3EOAl4uf,https://api.spotify.com/v1/audio-analysis/44ADyYoY5liaRa3EOAl4uf,233654.0,4.0
164,165,Just the Way You Are,Bruno Mars,202550,https://open.spotify.com/track/7BqBn9nzAq8spo5e7cZ0dJ,0.637,0.843,5.0,-5.412999999999999,1.0,0.0432,0.0151,0.0,0.0876,0.434,109.012,audio_features,7BqBn9nzAq8spo5e7cZ0dJ,spotify:track:7BqBn9nzAq8spo5e7cZ0dJ,https://api.spotify.com/v1/audio-analysis/7BqBn9nzAq8spo5e7cZ0dJ,220733.0,4.0
165,166,Walang Gana,King Badger,200711,https://open.spotify.com/track/39fwy7Q1spclVNFeu64lgd,0.875,0.485,8.0,-8.814,1.0,0.0743,0.419,0.0,0.105,0.861,126.074,audio_features,39fwy7Q1spclVNFeu64lgd,spotify:track:39fwy7Q1spclVNFeu64lgd,https://api.spotify.com/v1/audio-analysis/39fwy7Q1spclVNFeu64lgd,200393.0,4.0
166,167,"Till My Heartaches End - From ""The Significant Other""",KZ Tandingan,199925,https://open.spotify.com/track/4isDU5tDNqFLQ5xQ9NgPmz,0.49700000000000005,0.375,4.0,-6.386,1.0,0.0328,0.845,0.0,0.265,0.214,130.226,audio_features,4isDU5tDNqFLQ5xQ9NgPmz,spotify:track:4isDU5tDNqFLQ5xQ9NgPmz,https://api.spotify.com/v1/audio-analysis/4isDU5tDNqFLQ5xQ9NgPmz,256924.0,4.0
167,168,Starving,Hailee Steinfeld,199896,https://open.spotify.com/track/6875MeXyCW0wLyT72Eetmo,0.6679999999999999,0.613,4.0,-4.225,1.0,0.102,0.414,0.0,0.102,0.498,99.852,audio_features,6875MeXyCW0wLyT72Eetmo,spotify:track:6875MeXyCW0wLyT72Eetmo,https://api.spotify.com/v1/audio-analysis/6875MeXyCW0wLyT72Eetmo,181933.0,4.0
168,169,Nandyan Agad Ako,Ex Battalion,199796,https://open.spotify.com/track/6BZLjTOKBPqhq4xpOLkjrp,0.799,0.529,9.0,-9.17,1.0,0.0615,0.6609999999999999,0.0,0.0856,0.601,128.05,audio_features,6BZLjTOKBPqhq4xpOLkjrp,spotify:track:6BZLjTOKBPqhq4xpOLkjrp,https://api.spotify.com/v1/audio-analysis/6BZLjTOKBPqhq4xpOLkjrp,240179.0,4.0
169,170,ILYSB - STRIPPED,LANY,199601,https://open.spotify.com/track/3Dkvp3L4w0uJFYfIPa8E9H,,,,,,,,,,,,,,,,,
170,171,Breakeven,The Script,199176,https://open.spotify.com/track/1a1i2IwXnUN0PjllVEhA4B,,,,,,,,,,,,,,,,,
171,172,Iris,The Goo Goo Dolls,197559,https://open.spotify.com/track/6Qyc6fS4DsZjB2mRW9DsQs,0.315,0.715,11.0,-8.072000000000001,0.0,0.0362,0.00125,7.97e-06,0.0942,0.49700000000000005,155.925,audio_features,6Qyc6fS4DsZjB2mRW9DsQs,spotify:track:6Qyc6fS4DsZjB2mRW9DsQs,https://api.spotify.com/v1/audio-analysis/6Qyc6fS4DsZjB2mRW9DsQs,289533.0,3.0
172,173,Bleeding Love,Leona Lewis,197310,https://open.spotify.com/track/7wZUrN8oemZfsEd1CGkbXE,0.638,0.6559999999999999,5.0,-5.886,1.0,0.0357,0.188,0.0,0.146,0.225,104.036,audio_features,7wZUrN8oemZfsEd1CGkbXE,spotify:track:7wZUrN8oemZfsEd1CGkbXE,https://api.spotify.com/v1/audio-analysis/7wZUrN8oemZfsEd1CGkbXE,262467.0,4.0
173,174,This Feeling,The Chainsmokers,196803,https://open.spotify.com/track/4NBTZtAt1F13VvlSKe6KTl,0.575,0.5710000000000001,1.0,-7.906000000000001,1.0,0.0439,0.0558,0.0,0.0912,0.449,105.04899999999999,audio_features,4NBTZtAt1F13VvlSKe6KTl,spotify:track:4NBTZtAt1F13VvlSKe6KTl,https://api.spotify.com/v1/audio-analysis/4NBTZtAt1F13VvlSKe6KTl,197947.0,4.0
174,175,South of the Border (feat. Camila Cabello & Cardi B),Ed Sheeran,196435,https://open.spotify.com/track/4vUmTMuQqjdnvlZmAH61Qk,0.857,0.621,9.0,-6.376,0.0,0.0825,0.14800000000000002,0.0,0.0865,0.6679999999999999,97.98899999999999,audio_features,4vUmTMuQqjdnvlZmAH61Qk,spotify:track:4vUmTMuQqjdnvlZmAH61Qk,https://api.spotify.com/v1/audio-analysis/4vUmTMuQqjdnvlZmAH61Qk,204467.0,4.0
175,176,Death By A Thousand Cuts,Taylor Swift,194905,https://open.spotify.com/track/2dgFqt3w9xIQRjhPtwNk3D,0.7120000000000001,0.732,4.0,-6.754,1.0,0.0629,0.45399999999999996,0.0,0.319,0.313,94.071,audio_features,2dgFqt3w9xIQRjhPtwNk3D,spotify:track:2dgFqt3w9xIQRjhPtwNk3D,https://api.spotify.com/v1/audio-analysis/2dgFqt3w9xIQRjhPtwNk3D,198533.0,4.0
176,177,There's No Way (feat. Julia Michaels),Lauv,194267,https://open.spotify.com/track/2hnxrRNzF74mdDzpQZQukQ,0.755,0.625,2.0,-7.114,1.0,0.0896,0.49,0.0,0.157,0.374,147.02,audio_features,2hnxrRNzF74mdDzpQZQukQ,spotify:track:2hnxrRNzF74mdDzpQZQukQ,https://api.spotify.com/v1/audio-analysis/2hnxrRNzF74mdDzpQZQukQ,174861.0,4.0
177,178,The Middle,Zedd,194000,https://open.spotify.com/track/09IStsImFySgyp0pIQdqAc,0.753,0.657,7.0,-3.0610000000000004,1.0,0.0449,0.171,0.0,0.11199999999999999,0.43700000000000006,107.01,audio_features,09IStsImFySgyp0pIQdqAc,spotify:track:09IStsImFySgyp0pIQdqAc,https://api.spotify.com/v1/audio-analysis/09IStsImFySgyp0pIQdqAc,184732.0,4.0
178,179,Filipina Girl,Billy Crawford,193674,https://open.spotify.com/track/7iNMzfw2couNdTNXMYG2IR,0.57,0.46299999999999997,0.0,-7.655,1.0,0.317,0.6629999999999999,0.0,0.092,0.499,119.675,audio_features,7iNMzfw2couNdTNXMYG2IR,spotify:track:7iNMzfw2couNdTNXMYG2IR,https://api.spotify.com/v1/audio-analysis/7iNMzfw2couNdTNXMYG2IR,218133.0,4.0
179,180,Sa'yo,Silent Sanctuary,193528,https://open.spotify.com/track/29xs643Q96uQLD8f7SxYYw,0.5670000000000001,0.0896,5.0,-12.944,1.0,0.0343,0.7959999999999999,0.0,0.218,0.36700000000000005,79.002,audio_features,29xs643Q96uQLD8f7SxYYw,spotify:track:29xs643Q96uQLD8f7SxYYw,https://api.spotify.com/v1/audio-analysis/29xs643Q96uQLD8f7SxYYw,253360.0,4.0
180,181,Pakinabang,Ex Battalion,193172,https://open.spotify.com/track/2xJlJ7vhnt8yBfA4vwcwZW,0.809,0.55,2.0,-10.231,1.0,0.14400000000000002,0.185,0.0,0.0558,0.8370000000000001,154.987,audio_features,2xJlJ7vhnt8yBfA4vwcwZW,spotify:track:2xJlJ7vhnt8yBfA4vwcwZW,https://api.spotify.com/v1/audio-analysis/2xJlJ7vhnt8yBfA4vwcwZW,430350.0,4.0
181,182,Kontrabida,Pricetagg,191012,https://open.spotify.com/track/31vGGETvC1zlvuhNumTYZB,0.737,0.7909999999999999,1.0,-2.7889999999999997,0.0,0.242,0.245,0.0,0.18100000000000002,0.377,86.008,audio_features,31vGGETvC1zlvuhNumTYZB,spotify:track:31vGGETvC1zlvuhNumTYZB,https://api.spotify.com/v1/audio-analysis/31vGGETvC1zlvuhNumTYZB,309786.0,4.0
182,183,Rewrite The Stars,Zac Efron,190931,https://open.spotify.com/track/630sXRhIcfwr2e4RdNtjKN,0.684,0.619,10.0,-7.005,1.0,0.0386,0.0716,0.0,0.122,0.284,125.046,audio_features,630sXRhIcfwr2e4RdNtjKN,spotify:track:630sXRhIcfwr2e4RdNtjKN,https://api.spotify.com/v1/audio-analysis/630sXRhIcfwr2e4RdNtjKN,217440.0,4.0
183,184,Take A Bow,Rihanna,190581,https://open.spotify.com/track/39afswHs17v53znQm1gDTY,0.708,0.47,9.0,-7.59,1.0,0.0659,0.248,0.0,0.0852,0.536,82.007,audio_features,39afswHs17v53znQm1gDTY,spotify:track:39afswHs17v53znQm1gDTY,https://api.spotify.com/v1/audio-analysis/39afswHs17v53znQm1gDTY,229413.0,4.0
184,185,Malaya (Camp Sawi Original Motion Picture Soundtrack),Moira Dela Torre,190243,https://open.spotify.com/track/6M21eWbEw74XDdoQsNIinq,0.374,0.125,7.0,-14.847000000000001,1.0,0.0383,0.852,4.66e-06,0.321,0.10800000000000001,114.694,audio_features,6M21eWbEw74XDdoQsNIinq,spotify:track:6M21eWbEw74XDdoQsNIinq,https://api.spotify.com/v1/audio-analysis/6M21eWbEw74XDdoQsNIinq,254250.0,5.0
185,186,Shallow,Lady Gaga,189559,https://open.spotify.com/track/2VxeLyX666F8uXCJ0dZF8B,0.5720000000000001,0.385,7.0,-6.362,1.0,0.0308,0.371,0.0,0.231,0.32299999999999995,95.79899999999999,audio_features,2VxeLyX666F8uXCJ0dZF8B,spotify:track:2VxeLyX666F8uXCJ0dZF8B,https://api.spotify.com/v1/audio-analysis/2VxeLyX666F8uXCJ0dZF8B,215733.0,4.0
186,187,Afterglow,Taylor Swift,189224,https://open.spotify.com/track/1SymEzIT3H8UZfibCs3TYi,0.7559999999999999,0.449,9.0,-8.746,1.0,0.0344,0.13,0.0,0.114,0.39899999999999997,111.01100000000001,audio_features,1SymEzIT3H8UZfibCs3TYi,spotify:track:1SymEzIT3H8UZfibCs3TYi,https://api.spotify.com/v1/audio-analysis/1SymEzIT3H8UZfibCs3TYi,223293.0,4.0
187,188,Miss Americana & The Heartbreak Prince,Taylor Swift,188920,https://open.spotify.com/track/214nt20w5wOxJnY462klLw,0.662,0.747,11.0,-6.926,0.0,0.0736,0.027999999999999997,0.00615,0.138,0.48700000000000004,150.088,audio_features,214nt20w5wOxJnY462klLw,spotify:track:214nt20w5wOxJnY462klLw,https://api.spotify.com/v1/audio-analysis/214nt20w5wOxJnY462klLw,234147.0,4.0
188,189,Closer,The Chainsmokers,188375,https://open.spotify.com/track/7BKLCZ1jbUBVqRi2FVlTVw,0.748,0.524,8.0,-5.599,1.0,0.0338,0.414,0.0,0.111,0.6609999999999999,95.01,audio_features,7BKLCZ1jbUBVqRi2FVlTVw,spotify:track:7BKLCZ1jbUBVqRi2FVlTVw,https://api.spotify.com/v1/audio-analysis/7BKLCZ1jbUBVqRi2FVlTVw,244960.0,4.0
189,190,SLOW DANCING IN THE DARK,Joji,188119,https://open.spotify.com/track/0rKtyWc8bvkriBthvHKY8d,0.515,0.479,3.0,-7.457999999999999,1.0,0.0261,0.544,0.00598,0.191,0.284,88.964,audio_features,0rKtyWc8bvkriBthvHKY8d,spotify:track:0rKtyWc8bvkriBthvHKY8d,https://api.spotify.com/v1/audio-analysis/0rKtyWc8bvkriBthvHKY8d,209274.0,4.0
190,191,Like I'm Gonna Lose You (feat. John Legend),Meghan Trainor,187980,https://open.spotify.com/track/2YlZnw2ikdb837oKMKjBkW,0.63,0.53,0.0,-7.2589999999999995,1.0,0.0434,0.4,0.0,0.177,0.41700000000000004,108.038,audio_features,2YlZnw2ikdb837oKMKjBkW,spotify:track:2YlZnw2ikdb837oKMKjBkW,https://api.spotify.com/v1/audio-analysis/2YlZnw2ikdb837oKMKjBkW,225053.0,3.0
191,192,Sucker,Jonas Brothers,187282,https://open.spotify.com/track/22vgEDb5hykfaTwLuskFGD,0.8420000000000001,0.7340000000000001,1.0,-5.065,0.0,0.0588,0.0427,0.0,0.106,0.9520000000000001,137.958,audio_features,22vgEDb5hykfaTwLuskFGD,spotify:track:22vgEDb5hykfaTwLuskFGD,https://api.spotify.com/v1/audio-analysis/22vgEDb5hykfaTwLuskFGD,181027.0,4.0
192,193,"214 - From ""Alone/Together""",JM De Guzman,187112,https://open.spotify.com/track/0Fh6hgq979963fIxr2VBF2,0.35100000000000003,0.35,6.0,-8.861,1.0,0.0291,0.268,0.0,0.155,0.204,79.58800000000001,audio_features,0Fh6hgq979963fIxr2VBF2,spotify:track:0Fh6hgq979963fIxr2VBF2,https://api.spotify.com/v1/audio-analysis/0Fh6hgq979963fIxr2VBF2,254025.0,4.0
193,194,Dalaga,ALLMO$T,185424,https://open.spotify.com/track/3PLARiBoxCpJFUMZhvV63x,0.94,0.499,8.0,-10.123,1.0,0.0825,0.535,0.00011899999999999999,0.0889,0.537,109.962,audio_features,3PLARiBoxCpJFUMZhvV63x,spotify:track:3PLARiBoxCpJFUMZhvV63x,https://api.spotify.com/v1/audio-analysis/3PLARiBoxCpJFUMZhvV63x,297933.0,4.0
194,195,Super Far,LANY,184989,https://open.spotify.com/track/15ahYSiHAIMxAnujlXVtta,0.575,0.46,1.0,-6.8389999999999995,1.0,0.182,0.0988,0.0,0.22699999999999998,0.462,95.95200000000001,audio_features,15ahYSiHAIMxAnujlXVtta,spotify:track:15ahYSiHAIMxAnujlXVtta,https://api.spotify.com/v1/audio-analysis/15ahYSiHAIMxAnujlXVtta,203650.0,4.0
195,196,Out of My League,Stephen Speaks,184266,https://open.spotify.com/track/2PkQeKapTNUjwpKLf8aJlq,0.57,0.317,0.0,-10.055,1.0,0.0285,0.96,0.00659,0.0979,0.4,92.64200000000001,audio_features,2PkQeKapTNUjwpKLf8aJlq,spotify:track:2PkQeKapTNUjwpKLf8aJlq,https://api.spotify.com/v1/audio-analysis/2PkQeKapTNUjwpKLf8aJlq,218800.0,3.0
196,197,ILYSB,LANY,183261,https://open.spotify.com/track/2btKtacOXuMtC9WjcNRvAA,0.636,0.623,5.0,-7.016,1.0,0.0603,0.46799999999999997,0.004529999999999999,0.35100000000000003,0.389,100.02600000000001,audio_features,2btKtacOXuMtC9WjcNRvAA,spotify:track:2btKtacOXuMtC9WjcNRvAA,https://api.spotify.com/v1/audio-analysis/2btKtacOXuMtC9WjcNRvAA,211150.0,4.0
197,198,"Dying Inside To Hold You - From "" All Of You"" Official Soundtrack",Darren Espanto,183191,https://open.spotify.com/track/7xty20N3DMTVOVtDIS2Jov,0.556,0.625,0.0,-7.178,1.0,0.037000000000000005,0.336,0.0,0.11,0.40299999999999997,104.913,audio_features,7xty20N3DMTVOVtDIS2Jov,spotify:track:7xty20N3DMTVOVtDIS2Jov,https://api.spotify.com/v1/audio-analysis/7xty20N3DMTVOVtDIS2Jov,236283.0,4.0
198,199,Small Talk,Katy Perry,183064,https://open.spotify.com/track/4NmE2ytXI8S2svTRSmEdpO,0.846,0.631,5.0,-5.547000000000001,1.0,0.1,0.203,0.0,0.455,0.602,115.999,audio_features,4NmE2ytXI8S2svTRSmEdpO,spotify:track:4NmE2ytXI8S2svTRSmEdpO,https://api.spotify.com/v1/audio-analysis/4NmE2ytXI8S2svTRSmEdpO,161963.0,4.0
199,200,"Maybe This Time - From ""Maybe This Time""",Sarah Geronimo,182715,https://open.spotify.com/track/0Dljpp52vCmtXi0E94qjfo,0.389,0.273,6.0,-7.697,1.0,0.0362,0.705,0.0,0.11699999999999999,0.17600000000000002,134.124,audio_features,0Dljpp52vCmtXi0E94qjfo,spotify:track:0Dljpp52vCmtXi0E94qjfo,https://api.spotify.com/v1/audio-analysis/0Dljpp52vCmtXi0E94qjfo,255608.0,4.0
