,Position,Track Name,Artist,Streams,URL,danceability,energy,key,loudness,mode,speechiness,acousticness,instrumentalness,liveness,valence,tempo,type,id,uri,analysis_url,duration_ms,time_signature
0,1,Ignorantes,Bad Bunny,3403993,https://open.spotify.com/track/38RIEav39FGi86jppxO0du,0.85,0.536,1.0,-5.1610000000000005,1.0,0.0599,0.267,3.8900000000000004e-05,0.0996,0.505,96.029,audio_features,38RIEav39FGi86jppxO0du,spotify:track:38RIEav39FGi86jppxO0du,https://api.spotify.com/v1/audio-analysis/38RIEav39FGi86jppxO0du,210607.0,4.0
1,2,La Difícil,Bad Bunny,3230439,https://open.spotify.com/track/6NfrH0ANGmgBXyxgV2PeXt,0.685,0.848,8.0,-4.561,0.0,0.0858,0.0861,7.14e-06,0.0783,0.7609999999999999,179.87,audio_features,6NfrH0ANGmgBXyxgV2PeXt,spotify:track:6NfrH0ANGmgBXyxgV2PeXt,https://api.spotify.com/v1/audio-analysis/6NfrH0ANGmgBXyxgV2PeXt,163084.0,4.0
2,3,La Santa,Bad Bunny,2832680,https://open.spotify.com/track/69vlMrzHwATKzupwNcUPyK,0.7440000000000001,0.868,1.0,-4.524,1.0,0.047,0.0326,0.0,0.0822,0.586,93.037,audio_features,69vlMrzHwATKzupwNcUPyK,spotify:track:69vlMrzHwATKzupwNcUPyK,https://api.spotify.com/v1/audio-analysis/69vlMrzHwATKzupwNcUPyK,206420.0,4.0
3,4,Si Veo a Tu Mamá,Bad Bunny,2330331,https://open.spotify.com/track/41wtwzCZkXwpnakmwJ239F,0.9,0.603,2.0,-5.313,1.0,0.0646,0.402,4.81e-06,0.134,0.8240000000000001,129.928,audio_features,41wtwzCZkXwpnakmwJ239F,spotify:track:41wtwzCZkXwpnakmwJ239F,https://api.spotify.com/v1/audio-analysis/41wtwzCZkXwpnakmwJ239F,170972.0,4.0
4,5,Vete,Bad Bunny,2262712,https://open.spotify.com/track/2n7ohqg1s68ToAHh4u9mcW,0.8859999999999999,0.672,1.0,-4.394,1.0,0.188,0.0363,8.78e-06,0.10099999999999999,0.526,91.976,audio_features,2n7ohqg1s68ToAHh4u9mcW,spotify:track:2n7ohqg1s68ToAHh4u9mcW,https://api.spotify.com/v1/audio-analysis/2n7ohqg1s68ToAHh4u9mcW,192024.0,4.0
5,6,Hablamos Mañana,Bad Bunny,2102225,https://open.spotify.com/track/1V8XneTrX6kKeoxYbk4x6h,0.6829999999999999,0.677,1.0,-4.496,1.0,0.0469,0.0869,0.0,0.0998,0.514,156.019,audio_features,1V8XneTrX6kKeoxYbk4x6h,spotify:track:1V8XneTrX6kKeoxYbk4x6h,https://api.spotify.com/v1/audio-analysis/1V8XneTrX6kKeoxYbk4x6h,240253.0,4.0
6,7,Tusa,KAROL G,1868025,https://open.spotify.com/track/7k4t7uLgtOxPwTpFmtJNTY,0.8029999999999999,0.715,2.0,-3.28,1.0,0.298,0.295,0.000134,0.0574,0.574,101.085,audio_features,7k4t7uLgtOxPwTpFmtJNTY,spotify:track:7k4t7uLgtOxPwTpFmtJNTY,https://api.spotify.com/v1/audio-analysis/7k4t7uLgtOxPwTpFmtJNTY,200960.0,4.0
7,8,Pero Ya No,Bad Bunny,1841776,https://open.spotify.com/track/75pQqzwgCjUOSSy5CpmAjy,0.882,0.612,4.0,-6.103,1.0,0.11800000000000001,0.0475,5.07e-06,0.182,0.742,147.982,audio_features,75pQqzwgCjUOSSy5CpmAjy,spotify:track:75pQqzwgCjUOSSy5CpmAjy,https://api.spotify.com/v1/audio-analysis/75pQqzwgCjUOSSy5CpmAjy,160638.0,4.0
8,9,Yo Perreo Sola,Bad Bunny,1837019,https://open.spotify.com/track/0SqqAgdovOE24BzxIClpjw,0.86,0.758,11.0,-5.16,1.0,0.0695,0.021,6.54e-05,0.344,0.45299999999999996,97.014,audio_features,0SqqAgdovOE24BzxIClpjw,spotify:track:0SqqAgdovOE24BzxIClpjw,https://api.spotify.com/v1/audio-analysis/0SqqAgdovOE24BzxIClpjw,172127.0,4.0
9,10,Safaera,Bad Bunny,1766199,https://open.spotify.com/track/2DEZmgHKAvm41k4J3R2E9Y,0.607,0.8290000000000001,2.0,-4.074,1.0,0.379,0.0103,0.0,0.107,0.685,96.17200000000001,audio_features,2DEZmgHKAvm41k4J3R2E9Y,spotify:track:2DEZmgHKAvm41k4J3R2E9Y,https://api.spotify.com/v1/audio-analysis/2DEZmgHKAvm41k4J3R2E9Y,295177.0,4.0
10,11,Sigues Con El,Dímelo Flow,1717588,https://open.spotify.com/track/7sQKy5vlPQllr0k9IjYJv3,0.883,0.6679999999999999,9.0,-2.957,1.0,0.113,0.11,0.000529,0.0734,0.6759999999999999,87.97200000000001,audio_features,7sQKy5vlPQllr0k9IjYJv3,spotify:track:7sQKy5vlPQllr0k9IjYJv3,https://api.spotify.com/v1/audio-analysis/7sQKy5vlPQllr0k9IjYJv3,226533.0,4.0
11,12,Bichiyal,Bad Bunny,1505063,https://open.spotify.com/track/4j4w4CXm6BSr0s25wAWrrX,0.737,0.7659999999999999,10.0,-4.242,0.0,0.0458,0.31,6.63e-06,0.114,0.662,93.956,audio_features,4j4w4CXm6BSr0s25wAWrrX,spotify:track:4j4w4CXm6BSr0s25wAWrrX,https://api.spotify.com/v1/audio-analysis/4j4w4CXm6BSr0s25wAWrrX,196500.0,4.0
12,13,Hola - Remix,Dalex,1504717,https://open.spotify.com/track/5stPVcRqb4qixbafP9e8lt,0.654,0.672,0.0,-5.98,0.0,0.311,0.47100000000000003,0.0,0.0781,0.34299999999999997,181.857,audio_features,5stPVcRqb4qixbafP9e8lt,spotify:track:5stPVcRqb4qixbafP9e8lt,https://api.spotify.com/v1/audio-analysis/5stPVcRqb4qixbafP9e8lt,249520.0,4.0
13,14,Soliá,Bad Bunny,1475948,https://open.spotify.com/track/7sOfmPd18RWp3FoCzpa7Kw,0.71,0.81,2.0,-5.507000000000001,1.0,0.0854,0.11699999999999999,0.000132,0.154,0.184,92.041,audio_features,7sOfmPd18RWp3FoCzpa7Kw,spotify:track:7sOfmPd18RWp3FoCzpa7Kw,https://api.spotify.com/v1/audio-analysis/7sOfmPd18RWp3FoCzpa7Kw,159282.0,4.0
14,15,A Tu Merced,Bad Bunny,1453800,https://open.spotify.com/track/4r9jkMEnArtWGH2rL2FZl0,0.86,0.7909999999999999,0.0,-4.784,1.0,0.0568,0.16899999999999998,0.000106,0.106,0.887,92.023,audio_features,4r9jkMEnArtWGH2rL2FZl0,spotify:track:4r9jkMEnArtWGH2rL2FZl0,https://api.spotify.com/v1/audio-analysis/4r9jkMEnArtWGH2rL2FZl0,175918.0,4.0
15,16,Girl,Myke Towers,1435668,https://open.spotify.com/track/43NqTeL8pgBxKHPMiJKUP5,0.733,0.708,6.0,-4.957,1.0,0.0937,0.0325,0.000327,0.324,0.6940000000000001,93.021,audio_features,43NqTeL8pgBxKHPMiJKUP5,spotify:track:43NqTeL8pgBxKHPMiJKUP5,https://api.spotify.com/v1/audio-analysis/43NqTeL8pgBxKHPMiJKUP5,186427.0,4.0
16,17,Que Malo,Bad Bunny,1428812,https://open.spotify.com/track/53v2u51nq3CxiKUNphRzP1,0.802,0.787,7.0,-6.181,0.0,0.0599,0.0832,0.0,0.153,0.446,94.02600000000001,audio_features,53v2u51nq3CxiKUNphRzP1,spotify:track:53v2u51nq3CxiKUNphRzP1,https://api.spotify.com/v1/audio-analysis/53v2u51nq3CxiKUNphRzP1,167975.0,4.0
17,18,Una Vez,Bad Bunny,1396412,https://open.spotify.com/track/5J7teKIJGtqVypgYI6sqXj,0.55,0.598,11.0,-5.402,0.0,0.0831,0.132,2.58e-06,0.0955,0.5429999999999999,83.836,audio_features,5J7teKIJGtqVypgYI6sqXj,spotify:track:5J7teKIJGtqVypgYI6sqXj,https://api.spotify.com/v1/audio-analysis/5J7teKIJGtqVypgYI6sqXj,232496.0,4.0
18,19,Keii,Anuel AA,1385538,https://open.spotify.com/track/5eEQCfq7MXQr6aHLNRUZLs,0.708,0.797,0.0,-3.095,0.0,0.0391,0.4,0.0,0.096,0.51,88.015,audio_features,5eEQCfq7MXQr6aHLNRUZLs,spotify:track:5eEQCfq7MXQr6aHLNRUZLs,https://api.spotify.com/v1/audio-analysis/5eEQCfq7MXQr6aHLNRUZLs,210000.0,4.0
19,20,Diosa,Myke Towers,1347017,https://open.spotify.com/track/3JHpk0DOTOzyh0777JFAky,0.8009999999999999,0.745,6.0,-3.733,0.0,0.063,0.39799999999999996,0.00603,0.153,0.245,104.965,audio_features,3JHpk0DOTOzyh0777JFAky,spotify:track:3JHpk0DOTOzyh0777JFAky,https://api.spotify.com/v1/audio-analysis/3JHpk0DOTOzyh0777JFAky,214013.0,4.0
20,21,La Zona,Bad Bunny,1316251,https://open.spotify.com/track/5kqNIqFjijuzvVLhuY9B8j,0.762,0.8009999999999999,1.0,-3.661,0.0,0.0409,0.2,7.04e-05,0.254,0.81,93.992,audio_features,5kqNIqFjijuzvVLhuY9B8j,spotify:track:5kqNIqFjijuzvVLhuY9B8j,https://api.spotify.com/v1/audio-analysis/5kqNIqFjijuzvVLhuY9B8j,136893.0,4.0
21,22,<3,Bad Bunny,1272954,https://open.spotify.com/track/4MZSqgwlE71CWZ6qQ3gkKm,0.631,0.665,10.0,-7.5889999999999995,0.0,0.22899999999999998,0.602,1.7e-06,0.152,0.634,80.35300000000001,audio_features,4MZSqgwlE71CWZ6qQ3gkKm,spotify:track:4MZSqgwlE71CWZ6qQ3gkKm,https://api.spotify.com/v1/audio-analysis/4MZSqgwlE71CWZ6qQ3gkKm,157967.0,4.0
22,23,Está Cabrón Ser Yo,Bad Bunny,1239713,https://open.spotify.com/track/4saHEjXw7O1NXJOzBkUKKG,0.81,0.8540000000000001,10.0,-3.9989999999999997,0.0,0.254,0.0732,0.0,0.12300000000000001,0.879,154.083,audio_features,4saHEjXw7O1NXJOzBkUKKG,spotify:track:4saHEjXw7O1NXJOzBkUKKG,https://api.spotify.com/v1/audio-analysis/4saHEjXw7O1NXJOzBkUKKG,227939.0,4.0
23,24,25/8,Bad Bunny,1189285,https://open.spotify.com/track/4NqQaovM14WR2hNPMFxgjb,0.7609999999999999,0.732,4.0,-5.468999999999999,0.0,0.0549,0.092,0.0,0.0716,0.542,151.982,audio_features,4NqQaovM14WR2hNPMFxgjb,spotify:track:4NqQaovM14WR2hNPMFxgjb,https://api.spotify.com/v1/audio-analysis/4NqQaovM14WR2hNPMFxgjb,243276.0,4.0
24,25,Dance Monkey,Tones And I,1103392,https://open.spotify.com/track/1rgnBhdG2JDFTbYkYRZAku,0.825,0.593,6.0,-6.401,0.0,0.0988,0.688,0.000161,0.17,0.54,98.07799999999999,audio_features,1rgnBhdG2JDFTbYkYRZAku,spotify:track:1rgnBhdG2JDFTbYkYRZAku,https://api.spotify.com/v1/audio-analysis/1rgnBhdG2JDFTbYkYRZAku,209755.0,4.0
25,26,P FKN R,Bad Bunny,1063720,https://open.spotify.com/track/0fgsKar6uBO08vzHXkTjWi,0.82,0.635,5.0,-5.749,0.0,0.0772,0.409,0.0,0.244,0.528,101.024,audio_features,0fgsKar6uBO08vzHXkTjWi,spotify:track:0fgsKar6uBO08vzHXkTjWi,https://api.spotify.com/v1/audio-analysis/0fgsKar6uBO08vzHXkTjWi,258280.0,4.0
26,27,Tattoo,Rauw Alejandro,1010119,https://open.spotify.com/track/7na7Bk98usp84FaOJFPv3d,0.755,0.617,9.0,-5.144,1.0,0.182,0.0217,0.0,0.0625,0.745,193.896,audio_features,7na7Bk98usp84FaOJFPv3d,spotify:track:7na7Bk98usp84FaOJFPv3d,https://api.spotify.com/v1/audio-analysis/7na7Bk98usp84FaOJFPv3d,202887.0,4.0
27,28,Jangueo,Alex Rose,1005083,https://open.spotify.com/track/5m3jpKkgkfoMcym1qjToFg,,,,,,,,,,,,,,,,,
28,29,Muévelo,Nicky Jam,989251,https://open.spotify.com/track/4VgYtXCVJ7IbWAZ5ryfvEQ,0.594,0.8079999999999999,7.0,-2.4090000000000003,1.0,0.0489,0.415,1.39e-05,0.565,0.919,188.09,audio_features,4VgYtXCVJ7IbWAZ5ryfvEQ,spotify:track:4VgYtXCVJ7IbWAZ5ryfvEQ,https://api.spotify.com/v1/audio-analysis/4VgYtXCVJ7IbWAZ5ryfvEQ,194892.0,4.0
29,30,Fantasias,Rauw Alejandro,957537,https://open.spotify.com/track/6mAN61JH0dzyZpWslS11jy,0.879,0.703,1.0,-4.218999999999999,1.0,0.0701,0.14300000000000002,0.0,0.0569,0.7879999999999999,94.00399999999999,audio_features,6mAN61JH0dzyZpWslS11jy,spotify:track:6mAN61JH0dzyZpWslS11jy,https://api.spotify.com/v1/audio-analysis/6mAN61JH0dzyZpWslS11jy,199711.0,4.0
30,31,Puesto Pa' Guerrial,Bad Bunny,947320,https://open.spotify.com/track/5gCg2qMPzKkW4jS4dBKdDs,0.867,0.6859999999999999,4.0,-5.3420000000000005,1.0,0.221,0.311,0.0,0.1,0.6579999999999999,139.968,audio_features,5gCg2qMPzKkW4jS4dBKdDs,spotify:track:5gCg2qMPzKkW4jS4dBKdDs,https://api.spotify.com/v1/audio-analysis/5gCg2qMPzKkW4jS4dBKdDs,190207.0,4.0
31,32,Morado,J Balvin,947012,https://open.spotify.com/track/3mQ6SLdxxaL52Yte7KF2Ks,,,,,,,,,,,,,,,,,
32,33,Aventura,Lunay,943597,https://open.spotify.com/track/37zdqI4r1gswIzczSBkRon,0.7290000000000001,0.726,5.0,-3.208,1.0,0.0422,0.223,0.0,0.10099999999999999,0.8759999999999999,92.025,audio_features,37zdqI4r1gswIzczSBkRon,spotify:track:37zdqI4r1gswIzczSBkRon,https://api.spotify.com/v1/audio-analysis/37zdqI4r1gswIzczSBkRon,217130.0,4.0
33,34,Whine Up,Nicky Jam,926394,https://open.spotify.com/track/2pWOMNQJW3g2zmGjP0Vkb0,0.8170000000000001,0.665,9.0,-6.224,0.0,0.0758,0.0549,0.0,0.10300000000000001,0.662,104.95700000000001,audio_features,2pWOMNQJW3g2zmGjP0Vkb0,spotify:track:2pWOMNQJW3g2zmGjP0Vkb0,https://api.spotify.com/v1/audio-analysis/2pWOMNQJW3g2zmGjP0Vkb0,215460.0,4.0
34,35,René,Residente,919372,https://open.spotify.com/track/6gm12xlADJwiBbHIKBXzGW,0.486,0.38799999999999996,0.0,-9.326,1.0,0.126,0.435,0.0,0.196,0.467,90.471,audio_features,6gm12xlADJwiBbHIKBXzGW,spotify:track:6gm12xlADJwiBbHIKBXzGW,https://api.spotify.com/v1/audio-analysis/6gm12xlADJwiBbHIKBXzGW,457592.0,4.0
35,36,Definitivamente,Daddy Yankee,918133,https://open.spotify.com/track/113PlnpZbHd3WIqeYjhZWv,0.813,0.764,8.0,-3.39,0.0,0.105,0.586,0.0,0.253,0.429,100.04700000000001,audio_features,113PlnpZbHd3WIqeYjhZWv,spotify:track:113PlnpZbHd3WIqeYjhZWv,https://api.spotify.com/v1/audio-analysis/113PlnpZbHd3WIqeYjhZWv,217773.0,4.0
36,37,Bellaquita - Remix,Dalex,867736,https://open.spotify.com/track/1Xnn1TPyr5h0hpRAT4B4EA,,,,,,,,,,,,,,,,,
37,38,Adicto (with Anuel AA & Ozuna),Tainy,858124,https://open.spotify.com/track/3jbT1Y5MoPwEIpZndDDwVq,0.7340000000000001,0.836,10.0,-4.803,0.0,0.0735,0.017,1.64e-05,0.179,0.623,80.002,audio_features,3jbT1Y5MoPwEIpZndDDwVq,spotify:track:3jbT1Y5MoPwEIpZndDDwVq,https://api.spotify.com/v1/audio-analysis/3jbT1Y5MoPwEIpZndDDwVq,270741.0,4.0
38,39,Me Gusta,Shakira,814890,https://open.spotify.com/track/5Xhqh4lwJPtMUTsdBztN1a,0.775,0.696,1.0,-5.184,0.0,0.0681,0.0559,0.0018399999999999998,0.157,0.775,92.007,audio_features,5Xhqh4lwJPtMUTsdBztN1a,spotify:track:5Xhqh4lwJPtMUTsdBztN1a,https://api.spotify.com/v1/audio-analysis/5Xhqh4lwJPtMUTsdBztN1a,190570.0,4.0
39,40,Rojo,J Balvin,810229,https://open.spotify.com/track/4uziEsK1yiqdauKVDPsmVG,,,,,,,,,,,,,,,,,
40,41,LA CANCIÓN,J Balvin,741631,https://open.spotify.com/track/0fea68AdmYNygeTGI4RC18,0.754,0.6459999999999999,7.0,-5.795,1.0,0.317,0.152,1.85e-05,0.10800000000000001,0.429,176.08900000000003,audio_features,0fea68AdmYNygeTGI4RC18,spotify:track:0fea68AdmYNygeTGI4RC18,https://api.spotify.com/v1/audio-analysis/0fea68AdmYNygeTGI4RC18,242573.0,4.0
41,42,No Me Conoce - Remix,Jhay Cortez,710391,https://open.spotify.com/track/4R8BJggjosTswLxtkw8V7P,0.8059999999999999,0.7859999999999999,10.0,-3.8310000000000004,0.0,0.0741,0.145,0.0,0.0935,0.58,91.973,audio_features,4R8BJggjosTswLxtkw8V7P,spotify:track:4R8BJggjosTswLxtkw8V7P,https://api.spotify.com/v1/audio-analysis/4R8BJggjosTswLxtkw8V7P,309120.0,4.0
42,43,China,Anuel AA,700348,https://open.spotify.com/track/2ksOAxtIxY8yElEWw8RhgK,,,,,,,,,,,,,,,,,
43,44,RITMO (Bad Boys For Life),Black Eyed Peas,692369,https://open.spotify.com/track/6cy3ki60hLwimwIje7tALf,,,,,,,,,,,,,,,,,
44,45,Infeliz,Arcangel,684578,https://open.spotify.com/track/4z6wo6PJG4Fve45OXK6D9m,0.713,0.7979999999999999,1.0,-3.147,1.0,0.21899999999999997,0.366,4.2999999999999995e-06,0.24600000000000002,0.721,176.07299999999998,audio_features,4z6wo6PJG4Fve45OXK6D9m,spotify:track:4z6wo6PJG4Fve45OXK6D9m,https://api.spotify.com/v1/audio-analysis/4z6wo6PJG4Fve45OXK6D9m,221103.0,4.0
45,46,Quizas,Rich Music LTD,670823,https://open.spotify.com/track/5Id5B3dxJZhPcV9GzgYZZe,0.727,0.815,3.0,-2.454,1.0,0.153,0.0258,0.0,0.231,0.677,176.075,audio_features,5Id5B3dxJZhPcV9GzgYZZe,spotify:track:5Id5B3dxJZhPcV9GzgYZZe,https://api.spotify.com/v1/audio-analysis/5Id5B3dxJZhPcV9GzgYZZe,216067.0,4.0
46,47,Mejor,Dalex,657616,https://open.spotify.com/track/1mF6sMUsRU9MisrdB9qWvg,,,,,,,,,,,,,,,,,
47,48,Si Te Vas,Sech,645746,https://open.spotify.com/track/6Y4PDQv4XjYjHLeLmvyOt0,,,,,,,,,,,,,,,,,
48,49,Callaita,Bad Bunny,620074,https://open.spotify.com/track/2TH65lNHgvLxCKXM3apjxI,0.61,0.624,2.0,-4.773,1.0,0.309,0.6,2.12e-06,0.243,0.244,176.169,audio_features,2TH65lNHgvLxCKXM3apjxI,spotify:track:2TH65lNHgvLxCKXM3apjxI,https://api.spotify.com/v1/audio-analysis/2TH65lNHgvLxCKXM3apjxI,250534.0,4.0
49,50,Don't Start Now,Dua Lipa,618838,https://open.spotify.com/track/6WrI0LAC5M1Rw2MnX2ZvEg,,,,,,,,,,,,,,,,,
50,51,Piropo,Noriel,596496,https://open.spotify.com/track/5YrjfKuFd0pMmYTGeRDV6X,0.866,0.747,9.0,-5.747999999999999,1.0,0.0725,0.122,0.0218,0.0403,0.772,93.984,audio_features,5YrjfKuFd0pMmYTGeRDV6X,spotify:track:5YrjfKuFd0pMmYTGeRDV6X,https://api.spotify.com/v1/audio-analysis/5YrjfKuFd0pMmYTGeRDV6X,220133.0,4.0
51,52,Medusa,Jhay Cortez,596385,https://open.spotify.com/track/3qM0vBxIe4VUbK0Z0smuVP,0.8859999999999999,0.604,0.0,-7.292999999999999,1.0,0.20800000000000002,0.19399999999999998,3.15e-06,0.107,0.38299999999999995,98.023,audio_features,3qM0vBxIe4VUbK0Z0smuVP,spotify:track:3qM0vBxIe4VUbK0Z0smuVP,https://api.spotify.com/v1/audio-analysis/3qM0vBxIe4VUbK0Z0smuVP,305333.0,4.0
52,53,Que Tire Pa Lante,Daddy Yankee,573271,https://open.spotify.com/track/6RyaV7owmVU6fzEPE17sF1,0.6579999999999999,0.9009999999999999,7.0,-2.8139999999999996,1.0,0.0357,0.0478,0.0,0.12,0.708,93.979,audio_features,6RyaV7owmVU6fzEPE17sF1,spotify:track:6RyaV7owmVU6fzEPE17sF1,https://api.spotify.com/v1/audio-analysis/6RyaV7owmVU6fzEPE17sF1,210520.0,4.0
53,54,"DJ No Pare (feat. Zion, Dalex, Lenny Tavárez) - Remix",Justin Quiles,551792,https://open.spotify.com/track/1ndyl3wJCFs872XZ3ztPk6,0.743,0.7090000000000001,3.0,-3.9219999999999997,0.0,0.0879,0.0451,5.18e-06,0.0809,0.831,170.00099999999998,audio_features,1ndyl3wJCFs872XZ3ztPk6,spotify:track:1ndyl3wJCFs872XZ3ztPk6,https://api.spotify.com/v1/audio-analysis/1ndyl3wJCFs872XZ3ztPk6,258600.0,4.0
54,55,Piensan,Myke Towers,543495,https://open.spotify.com/track/1A9PKAFEHMWgXNLpgf7k4J,0.677,0.722,2.0,-4.4430000000000005,0.0,0.0626,0.5379999999999999,0.0,0.11,0.7859999999999999,172.0,audio_features,1A9PKAFEHMWgXNLpgf7k4J,spotify:track:1A9PKAFEHMWgXNLpgf7k4J,https://api.spotify.com/v1/audio-analysis/1A9PKAFEHMWgXNLpgf7k4J,173452.0,4.0
55,56,Mi Error - Remix,Eladio Carrion,532907,https://open.spotify.com/track/5IjOqh4XLyjHINuOGolmAt,0.6629999999999999,0.8420000000000001,7.0,-3.42,1.0,0.10400000000000001,0.0981,0.0,0.45,0.433,174.024,audio_features,5IjOqh4XLyjHINuOGolmAt,spotify:track:5IjOqh4XLyjHINuOGolmAt,https://api.spotify.com/v1/audio-analysis/5IjOqh4XLyjHINuOGolmAt,315862.0,4.0
56,57,105 F Remix,KEVVO,530056,https://open.spotify.com/track/1aUGxXCz9QimNkKeiJtzZ7,0.9,0.754,5.0,-7.016,0.0,0.156,0.368,2.74e-06,0.28600000000000003,0.741,100.045,audio_features,1aUGxXCz9QimNkKeiJtzZ7,spotify:track:1aUGxXCz9QimNkKeiJtzZ7,https://api.spotify.com/v1/audio-analysis/1aUGxXCz9QimNkKeiJtzZ7,464200.0,4.0
57,58,Otro Trago - Remix,Sech,517678,https://open.spotify.com/track/4bTZeO72FwMa6wKOiqoynL,0.725,0.79,0.0,-2.331,1.0,0.19699999999999998,0.0711,1.14e-06,0.0602,0.763,175.988,audio_features,4bTZeO72FwMa6wKOiqoynL,spotify:track:4bTZeO72FwMa6wKOiqoynL,https://api.spotify.com/v1/audio-analysis/4bTZeO72FwMa6wKOiqoynL,287773.0,4.0
58,59,Perreo en La Luna,Rich Music LTD,511089,https://open.spotify.com/track/0RDgqtvOHLwcI6yz9bjsZV,0.711,0.757,1.0,-4.188,0.0,0.29,0.268,0.0,0.36700000000000005,0.7240000000000001,174.013,audio_features,0RDgqtvOHLwcI6yz9bjsZV,spotify:track:0RDgqtvOHLwcI6yz9bjsZV,https://api.spotify.com/v1/audio-analysis/0RDgqtvOHLwcI6yz9bjsZV,218587.0,4.0
59,60,Pa Los Gustos Los Colores,Javiielo,497230,https://open.spotify.com/track/6EWWkqE4aFlZRyoFwwOT8u,,,,,,,,,,,,,,,,,
60,61,La Jeepeta,Nio Garcia,495787,https://open.spotify.com/track/4RaWbMItxVbuUExNkFsITP,0.816,0.726,0.0,-5.334,1.0,0.267,0.48,1.41e-06,0.314,0.7070000000000001,175.933,audio_features,4RaWbMItxVbuUExNkFsITP,spotify:track:4RaWbMItxVbuUExNkFsITP,https://api.spotify.com/v1/audio-analysis/4RaWbMItxVbuUExNkFsITP,204809.0,4.0
61,62,B11 (feat. Myke Towers),Rvssian,482135,https://open.spotify.com/track/4o1DxRjMCHDwBiOKv88rOl,0.759,0.7170000000000001,0.0,-5.013999999999999,1.0,0.115,0.0672,0.000455,0.131,0.195,99.946,audio_features,4o1DxRjMCHDwBiOKv88rOl,spotify:track:4o1DxRjMCHDwBiOKv88rOl,https://api.spotify.com/v1/audio-analysis/4o1DxRjMCHDwBiOKv88rOl,251929.0,4.0
62,63,Cuerpo en Venta,Noriel,479691,https://open.spotify.com/track/2B94bbI1a4LyBpK1439oP7,0.696,0.601,11.0,-5.749,1.0,0.302,0.161,0.0,0.0974,0.408,91.92399999999999,audio_features,2B94bbI1a4LyBpK1439oP7,spotify:track:2B94bbI1a4LyBpK1439oP7,https://api.spotify.com/v1/audio-analysis/2B94bbI1a4LyBpK1439oP7,254413.0,4.0
63,64,Blinding Lights,The Weeknd,471921,https://open.spotify.com/track/0sf12qNH5qcw8qpgymFOqD,,,,,,,,,,,,,,,,,
64,65,"El Favor (with Nicky Jam & Sech, feat. Farruko, Zion & Lunay)",Dímelo Flow,455940,https://open.spotify.com/track/684EjRHwNsZQ9hCQxL4NYL,0.747,0.647,9.0,-3.234,1.0,0.0737,0.113,0.0,0.11199999999999999,0.478,87.988,audio_features,684EjRHwNsZQ9hCQxL4NYL,spotify:track:684EjRHwNsZQ9hCQxL4NYL,https://api.spotify.com/v1/audio-analysis/684EjRHwNsZQ9hCQxL4NYL,233113.0,4.0
65,66,La Playa - Remix,Myke Towers,449446,https://open.spotify.com/track/70zg99pT51vB4wlMS7e4q7,0.775,0.633,10.0,-3.332,0.0,0.133,0.201,0.0,0.21899999999999997,0.39399999999999996,140.00799999999998,audio_features,70zg99pT51vB4wlMS7e4q7,spotify:track:70zg99pT51vB4wlMS7e4q7,https://api.spotify.com/v1/audio-analysis/70zg99pT51vB4wlMS7e4q7,250333.0,4.0
66,67,Tutu,Camilo,448521,https://open.spotify.com/track/1nocRtwyNPVtGcIJqfgdzZ,,,,,,,,,,,,,,,,,
67,68,Si Se Da - Remix,Myke Towers,436391,https://open.spotify.com/track/6K5BsR04ijf3FHNzjbaagD,0.8170000000000001,0.672,11.0,-5.612,0.0,0.299,0.441,0.0,0.13,0.774,93.999,audio_features,6K5BsR04ijf3FHNzjbaagD,spotify:track:6K5BsR04ijf3FHNzjbaagD,https://api.spotify.com/v1/audio-analysis/6K5BsR04ijf3FHNzjbaagD,332240.0,4.0
68,69,Fantasía,Ozuna,433288,https://open.spotify.com/track/40rXWke6SnXiGkSmaT8ZUr,0.695,0.7190000000000001,2.0,-5.938,1.0,0.0903,0.22699999999999998,0.000171,0.0884,0.7809999999999999,180.074,audio_features,40rXWke6SnXiGkSmaT8ZUr,spotify:track:40rXWke6SnXiGkSmaT8ZUr,https://api.spotify.com/v1/audio-analysis/40rXWke6SnXiGkSmaT8ZUr,175187.0,4.0
69,70,Coronao Now (Remix),El Alfa,423349,https://open.spotify.com/track/047WmwIeerHyIUstFAEz5A,0.883,0.853,1.0,-4.773,1.0,0.168,0.255,0.000723,0.41200000000000003,0.695,118.00299999999999,audio_features,047WmwIeerHyIUstFAEz5A,spotify:track:047WmwIeerHyIUstFAEz5A,https://api.spotify.com/v1/audio-analysis/047WmwIeerHyIUstFAEz5A,250169.0,4.0
70,71,Soltera - Remix,Lunay,405212,https://open.spotify.com/track/4t9a07PAghtQMRAIP9FQ7Z,0.795,0.7829999999999999,5.0,-4.271,1.0,0.0432,0.361,0.0,0.43700000000000006,0.799,92.01,audio_features,4t9a07PAghtQMRAIP9FQ7Z,spotify:track:4t9a07PAghtQMRAIP9FQ7Z,https://api.spotify.com/v1/audio-analysis/4t9a07PAghtQMRAIP9FQ7Z,266087.0,4.0
71,72,TBT,Sebastian Yatra,400955,https://open.spotify.com/track/4s45VgkknMFkdiGoUcjxQU,0.794,0.855,2.0,-1.959,1.0,0.0466,0.0362,0.0,0.142,0.639,91.963,audio_features,4s45VgkknMFkdiGoUcjxQU,spotify:track:4s45VgkknMFkdiGoUcjxQU,https://api.spotify.com/v1/audio-analysis/4s45VgkknMFkdiGoUcjxQU,239133.0,4.0
72,73,Coronao Now,El Alfa,395114,https://open.spotify.com/track/7FbKipScVxkjQxQXwTd0gL,0.941,0.7290000000000001,6.0,-7.56,0.0,0.24600000000000002,0.146,0.00451,0.18,0.718,118.02600000000001,audio_features,7FbKipScVxkjQxQXwTd0gL,spotify:track:7FbKipScVxkjQxQXwTd0gL,https://api.spotify.com/v1/audio-analysis/7FbKipScVxkjQxQXwTd0gL,217881.0,4.0
73,74,Mírame - Remix,Nio Garcia,391845,https://open.spotify.com/track/53uKGbcMjEc2gIWbfmvpdS,0.74,0.83,1.0,-3.2430000000000003,1.0,0.153,0.11900000000000001,1.32e-05,0.243,0.78,176.054,audio_features,53uKGbcMjEc2gIWbfmvpdS,spotify:track:53uKGbcMjEc2gIWbfmvpdS,https://api.spotify.com/v1/audio-analysis/53uKGbcMjEc2gIWbfmvpdS,377580.0,4.0
74,75,QUE PRETENDES,J Balvin,386835,https://open.spotify.com/track/25ZAibhr3bdlMCLmubZDVt,0.639,0.7909999999999999,10.0,-4.4430000000000005,0.0,0.253,0.0275,0.0,0.36200000000000004,0.9390000000000001,92.603,audio_features,25ZAibhr3bdlMCLmubZDVt,spotify:track:25ZAibhr3bdlMCLmubZDVt,https://api.spotify.com/v1/audio-analysis/25ZAibhr3bdlMCLmubZDVt,222347.0,4.0
75,76,Imaginaste - Remix,Jhay Cortez,385638,https://open.spotify.com/track/3dJWIbkKEnI0Jb9CK6kdcg,,,,,,,,,,,,,,,,,
76,77,Memories,Maroon 5,376089,https://open.spotify.com/track/2b8fOow8UzyDFAE27YhOZM,0.764,0.32,11.0,-7.209,1.0,0.0546,0.8370000000000001,0.0,0.0822,0.575,91.01899999999999,audio_features,2b8fOow8UzyDFAE27YhOZM,spotify:track:2b8fOow8UzyDFAE27YhOZM,https://api.spotify.com/v1/audio-analysis/2b8fOow8UzyDFAE27YhOZM,189486.0,4.0
77,78,El Efecto - Remix,Rauw Alejandro,374871,https://open.spotify.com/track/74j34STf8L6uADnTN69ohv,0.7709999999999999,0.769,0.0,-3.5039999999999996,0.0,0.0694,0.18,1.57e-05,0.345,0.9309999999999999,167.96900000000002,audio_features,74j34STf8L6uADnTN69ohv,spotify:track:74j34STf8L6uADnTN69ohv,https://api.spotify.com/v1/audio-analysis/74j34STf8L6uADnTN69ohv,289899.0,4.0
78,79,Dream Girl - Remix,Ir Sais,363417,https://open.spotify.com/track/099tjv6oy2opbpCOA3nBwX,0.767,0.643,5.0,-5.225,1.0,0.10099999999999999,0.21600000000000003,0.00010400000000000001,0.0806,0.536,169.99,audio_features,099tjv6oy2opbpCOA3nBwX,spotify:track:099tjv6oy2opbpCOA3nBwX,https://api.spotify.com/v1/audio-analysis/099tjv6oy2opbpCOA3nBwX,192452.0,4.0
79,80,Te Quemaste,Manuel Turizo,357324,https://open.spotify.com/track/4fj7e6Tc48Bmomwyz2Z2XC,0.7290000000000001,0.773,0.0,-2.4859999999999998,1.0,0.131,0.611,0.00106,0.287,0.718,176.053,audio_features,4fj7e6Tc48Bmomwyz2Z2XC,spotify:track:4fj7e6Tc48Bmomwyz2Z2XC,https://api.spotify.com/v1/audio-analysis/4fj7e6Tc48Bmomwyz2Z2XC,199091.0,4.0
80,81,Tiene Sabor,Denise Rosenthal,355786,https://open.spotify.com/track/3D4s7bVcwLr9xA8U0DriRr,0.584,0.649,9.0,-5.881,1.0,0.368,0.17,0.0,0.0654,0.7240000000000001,179.905,audio_features,3D4s7bVcwLr9xA8U0DriRr,spotify:track:3D4s7bVcwLr9xA8U0DriRr,https://api.spotify.com/v1/audio-analysis/3D4s7bVcwLr9xA8U0DriRr,184733.0,4.0
81,82,Fantasmita - Remix,Casper Magico,351889,https://open.spotify.com/track/5NOHsDSfLIH45y3i9PfRyh,0.7070000000000001,0.87,7.0,-2.958,1.0,0.10300000000000001,0.24600000000000002,1.97e-06,0.0664,0.8009999999999999,173.938,audio_features,5NOHsDSfLIH45y3i9PfRyh,spotify:track:5NOHsDSfLIH45y3i9PfRyh,https://api.spotify.com/v1/audio-analysis/5NOHsDSfLIH45y3i9PfRyh,262269.0,4.0
82,83,Blanco,J Balvin,351274,https://open.spotify.com/track/2rc7BkzO8qepMFAxHtOrXc,,,,,,,,,,,,,,,,,
83,84,Yummy,Justin Bieber,342165,https://open.spotify.com/track/16wAOAZ2OkqoIDN7TpChjR,0.6759999999999999,0.506,9.0,-6.652,0.0,0.0958,0.345,0.0,0.11800000000000001,0.49700000000000005,145.842,audio_features,16wAOAZ2OkqoIDN7TpChjR,spotify:track:16wAOAZ2OkqoIDN7TpChjR,https://api.spotify.com/v1/audio-analysis/16wAOAZ2OkqoIDN7TpChjR,208520.0,4.0
84,85,Mueve Lo Que Dios Te Dio,joel music,341289,https://open.spotify.com/track/5BAKerbfUwW5KboNuIPMmn,,,,,,,,,,,,,,,,,
85,86,Parcerita,Myke Towers,335742,https://open.spotify.com/track/2oZBb87Jgwrg3qYhwsy3BN,0.8140000000000001,0.7909999999999999,0.0,-6.053999999999999,1.0,0.3,0.139,7.290000000000001e-05,0.0876,0.775,171.94099999999997,audio_features,2oZBb87Jgwrg3qYhwsy3BN,spotify:track:2oZBb87Jgwrg3qYhwsy3BN,https://api.spotify.com/v1/audio-analysis/2oZBb87Jgwrg3qYhwsy3BN,207373.0,4.0
86,87,Si Supieras,Daddy Yankee,333136,https://open.spotify.com/track/7MRU4vOkywuhZ9kbFiPuiu,0.691,0.894,9.0,-1.681,0.0,0.115,0.29100000000000004,0.0,0.10400000000000001,0.623,184.019,audio_features,7MRU4vOkywuhZ9kbFiPuiu,spotify:track:7MRU4vOkywuhZ9kbFiPuiu,https://api.spotify.com/v1/audio-analysis/7MRU4vOkywuhZ9kbFiPuiu,241880.0,4.0
87,88,Que Mas Pues - Remix,Sech,332027,https://open.spotify.com/track/7fODjB7BrQTGqh0hogW6XD,0.647,0.6609999999999999,11.0,-5.027,1.0,0.2,0.121,2.27e-06,0.12,0.8109999999999999,113.35799999999999,audio_features,7fODjB7BrQTGqh0hogW6XD,spotify:track:7fODjB7BrQTGqh0hogW6XD,https://api.spotify.com/v1/audio-analysis/7fODjB7BrQTGqh0hogW6XD,305962.0,5.0
88,89,La Forma en Que Me Miras,Super Yei,324266,https://open.spotify.com/track/6t94PGXYAuo9GbJEnMpPcW,,,,,,,,,,,,,,,,,
89,90,Dónde Estás,KHEA,321868,https://open.spotify.com/track/16DNJ8y6k97DxuMyV49W7V,0.706,0.622,7.0,-6.032,1.0,0.113,0.493,0.0,0.102,0.615,90.022,audio_features,16DNJ8y6k97DxuMyV49W7V,spotify:track:16DNJ8y6k97DxuMyV49W7V,https://api.spotify.com/v1/audio-analysis/16DNJ8y6k97DxuMyV49W7V,153560.0,4.0
90,91,Pa Mí - Remix,Dalex,316890,https://open.spotify.com/track/7g8YaUQABMal0zWe7a2ijz,0.688,0.62,11.0,-8.029,0.0,0.22,0.753,5.32e-06,0.157,0.727,170.011,audio_features,7g8YaUQABMal0zWe7a2ijz,spotify:track:7g8YaUQABMal0zWe7a2ijz,https://api.spotify.com/v1/audio-analysis/7g8YaUQABMal0zWe7a2ijz,360960.0,4.0
91,92,Mami,Paloma Mami,315127,https://open.spotify.com/track/64IRsSyqwD0CBbFAfrR0rT,0.8,0.7170000000000001,3.0,-6.354,0.0,0.0516,0.153,0.00464,0.166,0.515,95.01799999999999,audio_features,64IRsSyqwD0CBbFAfrR0rT,spotify:track:64IRsSyqwD0CBbFAfrR0rT,https://api.spotify.com/v1/audio-analysis/64IRsSyqwD0CBbFAfrR0rT,194526.0,4.0
92,93,"Yo x Ti, Tu x Mi",ROSALÍA,311609,https://open.spotify.com/track/7BlBVFwvbWvcwNcUarQmjk,0.78,0.759,1.0,-3.292,1.0,0.225,0.462,0.000868,0.14300000000000002,0.579,91.95200000000001,audio_features,7BlBVFwvbWvcwNcUarQmjk,spotify:track:7BlBVFwvbWvcwNcUarQmjk,https://api.spotify.com/v1/audio-analysis/7BlBVFwvbWvcwNcUarQmjk,201040.0,4.0
93,94,Ganas de Ti,Wisin & Yandel,311030,https://open.spotify.com/track/4kuQJb8ghj6268fBTtB3bX,0.81,0.82,11.0,-3.497,1.0,0.0698,0.201,0.0,0.13,0.672,92.999,audio_features,4kuQJb8ghj6268fBTtB3bX,spotify:track:4kuQJb8ghj6268fBTtB3bX,https://api.spotify.com/v1/audio-analysis/4kuQJb8ghj6268fBTtB3bX,226520.0,4.0
94,95,Porno,Rich Music LTD,308468,https://open.spotify.com/track/34ZngZgo8xicbt1EE8Ob8Z,0.535,0.71,1.0,-2.978,0.0,0.324,0.428,0.0,0.141,0.523,92.009,audio_features,34ZngZgo8xicbt1EE8Ob8Z,spotify:track:34ZngZgo8xicbt1EE8Ob8Z,https://api.spotify.com/v1/audio-analysis/34ZngZgo8xicbt1EE8Ob8Z,212653.0,4.0
95,96,Algún Día Volveras,Santaferia,304581,https://open.spotify.com/track/27uAea0qcUz3a7jKnAT7KG,0.645,0.7120000000000001,7.0,-3.765,1.0,0.0312,0.37200000000000005,9.67e-05,0.0501,0.687,93.994,audio_features,27uAea0qcUz3a7jKnAT7KG,spotify:track:27uAea0qcUz3a7jKnAT7KG,https://api.spotify.com/v1/audio-analysis/27uAea0qcUz3a7jKnAT7KG,253823.0,4.0
96,97,Girls Like You (feat. Cardi B),Maroon 5,302562,https://open.spotify.com/track/7fa9MBXhVfQ8P8Df9OEbD8,0.851,0.541,0.0,-6.825,1.0,0.0505,0.568,0.0,0.13,0.44799999999999995,124.959,audio_features,7fa9MBXhVfQ8P8Df9OEbD8,spotify:track:7fa9MBXhVfQ8P8Df9OEbD8,https://api.spotify.com/v1/audio-analysis/7fa9MBXhVfQ8P8Df9OEbD8,235545.0,4.0
97,98,Señorita,Shawn Mendes,302154,https://open.spotify.com/track/6v3KW9xbzN5yKLt9YKDYA2,0.759,0.5479999999999999,9.0,-6.0489999999999995,0.0,0.028999999999999998,0.0392,0.0,0.0828,0.7490000000000001,116.96700000000001,audio_features,6v3KW9xbzN5yKLt9YKDYA2,spotify:track:6v3KW9xbzN5yKLt9YKDYA2,https://api.spotify.com/v1/audio-analysis/6v3KW9xbzN5yKLt9YKDYA2,190800.0,4.0
98,99,Verte Ir,DJ Luian,301870,https://open.spotify.com/track/4lzxJ4jCuFDXXGkE1LmpKR,0.857,0.647,11.0,-4.152,0.0,0.0984,0.391,1.2e-06,0.0842,0.5529999999999999,95.98200000000001,audio_features,4lzxJ4jCuFDXXGkE1LmpKR,spotify:track:4lzxJ4jCuFDXXGkE1LmpKR,https://api.spotify.com/v1/audio-analysis/4lzxJ4jCuFDXXGkE1LmpKR,267500.0,4.0
99,100,Lucha En Equilibrio,Denise Rosenthal,300804,https://open.spotify.com/track/5XXRbcWjc6jQhAS6MxyYmu,0.721,0.792,8.0,-5.42,0.0,0.0481,0.457,7.08e-05,0.0632,0.8740000000000001,93.96700000000001,audio_features,5XXRbcWjc6jQhAS6MxyYmu,spotify:track:5XXRbcWjc6jQhAS6MxyYmu,https://api.spotify.com/v1/audio-analysis/5XXRbcWjc6jQhAS6MxyYmu,221080.0,4.0
100,101,Cuaderno,Dalex,297764,https://open.spotify.com/track/7anSoGdgtmJTAPZBzcPhO6,0.6809999999999999,0.648,1.0,-5.021,0.0,0.38,0.523,0.0,0.10400000000000001,0.688,172.02,audio_features,7anSoGdgtmJTAPZBzcPhO6,spotify:track:7anSoGdgtmJTAPZBzcPhO6,https://api.spotify.com/v1/audio-analysis/7anSoGdgtmJTAPZBzcPhO6,286507.0,4.0
101,102,Como Se Siente,Jhay Cortez,295468,https://open.spotify.com/track/09tYvFOFp1pKxZ8GJVlOXm,0.664,0.5820000000000001,3.0,-7.138999999999999,0.0,0.0935,0.213,0.0,0.10800000000000001,0.222,92.764,audio_features,09tYvFOFp1pKxZ8GJVlOXm,spotify:track:09tYvFOFp1pKxZ8GJVlOXm,https://api.spotify.com/v1/audio-analysis/09tYvFOFp1pKxZ8GJVlOXm,219640.0,4.0
102,103,No Te Debí Besar,C. Tangana,291140,https://open.spotify.com/track/1KdwnsWOvhM53vezy5ROuf,0.672,0.684,9.0,-5.682,0.0,0.316,0.125,0.0261,0.183,0.62,75.233,audio_features,1KdwnsWOvhM53vezy5ROuf,spotify:track:1KdwnsWOvhM53vezy5ROuf,https://api.spotify.com/v1/audio-analysis/1KdwnsWOvhM53vezy5ROuf,182816.0,3.0
103,104,Indeciso,Reik,290920,https://open.spotify.com/track/59s0s39NFWScuHDbHytI14,0.738,0.748,0.0,-4.902,1.0,0.0453,0.182,0.0,0.11,0.8959999999999999,94.949,audio_features,59s0s39NFWScuHDbHytI14,spotify:track:59s0s39NFWScuHDbHytI14,https://api.spotify.com/v1/audio-analysis/59s0s39NFWScuHDbHytI14,217253.0,4.0
104,105,Velitas,Darell,288945,https://open.spotify.com/track/7q3NthaBqFI6s0WnAlnIvq,0.8190000000000001,0.596,2.0,-7.0089999999999995,1.0,0.318,0.225,1.19e-06,0.138,0.622,165.951,audio_features,7q3NthaBqFI6s0WnAlnIvq,spotify:track:7q3NthaBqFI6s0WnAlnIvq,https://api.spotify.com/v1/audio-analysis/7q3NthaBqFI6s0WnAlnIvq,225542.0,4.0
105,106,La Pared 360,Lenny Tavárez,288411,https://open.spotify.com/track/2w8SKQCnT2YQK1qCqKl2uW,0.777,0.6559999999999999,2.0,-5.8229999999999995,0.0,0.158,0.248,2.06e-06,0.139,0.833,168.10299999999998,audio_features,2w8SKQCnT2YQK1qCqKl2uW,spotify:track:2w8SKQCnT2YQK1qCqKl2uW,https://api.spotify.com/v1/audio-analysis/2w8SKQCnT2YQK1qCqKl2uW,154286.0,4.0
106,107,No Vuelvas Más,Darell,287623,https://open.spotify.com/track/0mcBgVRVsvESTkEyVHt7Ue,0.866,0.602,11.0,-5.236000000000001,1.0,0.0844,0.434,3.06e-05,0.0567,0.836,95.016,audio_features,0mcBgVRVsvESTkEyVHt7Ue,spotify:track:0mcBgVRVsvESTkEyVHt7Ue,https://api.spotify.com/v1/audio-analysis/0mcBgVRVsvESTkEyVHt7Ue,239093.0,4.0
107,108,Uniforme,Rich Music LTD,281439,https://open.spotify.com/track/0wMs7DPFOnToNAoecvAFQc,0.7390000000000001,0.863,9.0,-3.667,1.0,0.139,0.0656,0.0,0.254,0.773,173.946,audio_features,0wMs7DPFOnToNAoecvAFQc,spotify:track:0wMs7DPFOnToNAoecvAFQc,https://api.spotify.com/v1/audio-analysis/0wMs7DPFOnToNAoecvAFQc,279280.0,4.0
108,109,Que Calor (with J Balvin & El Alfa),Major Lazer,279047,https://open.spotify.com/track/1G2CAJeP7rCwOZjlSJ0Zw3,0.795,0.885,8.0,-4.129,1.0,0.0716,0.0372,0.007540000000000001,0.285,0.46,126.038,audio_features,1G2CAJeP7rCwOZjlSJ0Zw3,spotify:track:1G2CAJeP7rCwOZjlSJ0Zw3,https://api.spotify.com/v1/audio-analysis/1G2CAJeP7rCwOZjlSJ0Zw3,169998.0,4.0
109,110,La Cama,Lunay,276103,https://open.spotify.com/track/0OoqRZXnSrgIUAha3iLKG1,0.7,0.904,2.0,-2.826,0.0,0.0568,0.2,0.000471,0.182,0.816,173.97299999999998,audio_features,0OoqRZXnSrgIUAha3iLKG1,spotify:track:0OoqRZXnSrgIUAha3iLKG1,https://api.spotify.com/v1/audio-analysis/0OoqRZXnSrgIUAha3iLKG1,189296.0,4.0
110,111,The Box,Roddy Ricch,275757,https://open.spotify.com/track/0nbXyq5TXYPCO7pr3N8S4I,0.8959999999999999,0.586,10.0,-6.687,0.0,0.0559,0.10400000000000001,0.0,0.79,0.642,116.971,audio_features,0nbXyq5TXYPCO7pr3N8S4I,spotify:track:0nbXyq5TXYPCO7pr3N8S4I,https://api.spotify.com/v1/audio-analysis/0nbXyq5TXYPCO7pr3N8S4I,196653.0,4.0
111,112,Agua Segura,Denise Rosenthal,274426,https://open.spotify.com/track/370og6FUM8StmfUu0HlNHg,0.599,0.516,4.0,-6.935,0.0,0.31,0.0222,2.43e-06,0.0648,0.708,181.99900000000002,audio_features,370og6FUM8StmfUu0HlNHg,spotify:track:370og6FUM8StmfUu0HlNHg,https://api.spotify.com/v1/audio-analysis/370og6FUM8StmfUu0HlNHg,220227.0,4.0
112,113,El Gil de Tu Ex,Santaferia,272680,https://open.spotify.com/track/3cUE3p7E39CzGjQoEsg7sM,0.774,0.77,7.0,-3.074,1.0,0.0426,0.49,1.25e-06,0.311,0.8740000000000001,91.995,audio_features,3cUE3p7E39CzGjQoEsg7sM,spotify:track:3cUE3p7E39CzGjQoEsg7sM,https://api.spotify.com/v1/audio-analysis/3cUE3p7E39CzGjQoEsg7sM,193827.0,4.0
113,114,Con Altura,ROSALÍA,270280,https://open.spotify.com/track/2qG5sZ7Si6sdK74qLxedYM,0.882,0.6890000000000001,6.0,-4.027,1.0,0.124,0.39,0.00325,0.0501,0.746,97.963,audio_features,2qG5sZ7Si6sdK74qLxedYM,spotify:track:2qG5sZ7Si6sdK74qLxedYM,https://api.spotify.com/v1/audio-analysis/2qG5sZ7Si6sdK74qLxedYM,161627.0,4.0
114,115,Desconocidos,Mau y Ricky,268522,https://open.spotify.com/track/56f5qnyAlZdlz8wrUDA50h,0.7190000000000001,0.753,7.0,-4.891,1.0,0.179,0.11800000000000001,4.21e-06,0.212,0.675,174.107,audio_features,56f5qnyAlZdlz8wrUDA50h,spotify:track:56f5qnyAlZdlz8wrUDA50h,https://api.spotify.com/v1/audio-analysis/56f5qnyAlZdlz8wrUDA50h,204564.0,4.0
115,116,Plata Ta Tá,Mon Laferte,264591,https://open.spotify.com/track/0937IXPkSlckRCq1WoHSEl,0.813,0.7959999999999999,4.0,-5.545,0.0,0.163,0.156,0.0366,0.114,0.539,95.02600000000001,audio_features,0937IXPkSlckRCq1WoHSEl,spotify:track:0937IXPkSlckRCq1WoHSEl,https://api.spotify.com/v1/audio-analysis/0937IXPkSlckRCq1WoHSEl,255507.0,4.0
116,117,Sugar,Maroon 5,264546,https://open.spotify.com/track/0ljEFYEFuqspdPCWn75FPP,0.7440000000000001,0.7829999999999999,1.0,-7.077000000000001,1.0,0.0337,0.0553,0.0,0.086,0.885,120.042,audio_features,0ljEFYEFuqspdPCWn75FPP,spotify:track:0ljEFYEFuqspdPCWn75FPP,https://api.spotify.com/v1/audio-analysis/0ljEFYEFuqspdPCWn75FPP,235493.0,4.0
117,118,Amanece,Anuel AA,264037,https://open.spotify.com/track/1LiN0Z98FkR1t0m8KmLcAH,0.79,0.631,8.0,-5.5489999999999995,0.0,0.0425,0.43700000000000006,0.0,0.158,0.889,94.039,audio_features,1LiN0Z98FkR1t0m8KmLcAH,spotify:track:1LiN0Z98FkR1t0m8KmLcAH,https://api.spotify.com/v1/audio-analysis/1LiN0Z98FkR1t0m8KmLcAH,190005.0,4.0
118,119,Odio Que No Te Odio,Lasso,261787,https://open.spotify.com/track/374Yj1kOLjGLYLOydbCO3i,0.677,0.502,1.0,-7.098,1.0,0.0253,0.484,0.0,0.0992,0.526,96.579,audio_features,374Yj1kOLjGLYLOydbCO3i,spotify:track:374Yj1kOLjGLYLOydbCO3i,https://api.spotify.com/v1/audio-analysis/374Yj1kOLjGLYLOydbCO3i,220480.0,3.0
119,120,Si Me Dices Que Sí,Reik,257535,https://open.spotify.com/track/56Ta1O7Jxxpjnc6cWdDKUo,0.578,0.634,8.0,-5.979,0.0,0.33299999999999996,0.00473,0.0,0.132,0.21600000000000003,183.89,audio_features,56Ta1O7Jxxpjnc6cWdDKUo,spotify:track:56Ta1O7Jxxpjnc6cWdDKUo,https://api.spotify.com/v1/audio-analysis/56Ta1O7Jxxpjnc6cWdDKUo,211652.0,4.0
120,121,Te Robaré,Nicky Jam,255790,https://open.spotify.com/track/4PJ3umtW1aWdfh5EITHc6T,0.6729999999999999,0.752,2.0,-3.572,0.0,0.0561,0.24100000000000002,4.51e-05,0.0813,0.797,175.997,audio_features,4PJ3umtW1aWdfh5EITHc6T,spotify:track:4PJ3umtW1aWdfh5EITHc6T,https://api.spotify.com/v1/audio-analysis/4PJ3umtW1aWdfh5EITHc6T,201818.0,4.0
121,122,Say So,Doja Cat,254652,https://open.spotify.com/track/3Dv1eDb0MEgF93GpLXlucZ,0.787,0.6729999999999999,11.0,-4.577,0.0,0.158,0.256,3.57e-06,0.0904,0.7859999999999999,110.962,audio_features,3Dv1eDb0MEgF93GpLXlucZ,spotify:track:3Dv1eDb0MEgF93GpLXlucZ,https://api.spotify.com/v1/audio-analysis/3Dv1eDb0MEgF93GpLXlucZ,237893.0,4.0
122,123,Calma - Remix,Pedro Capó,250392,https://open.spotify.com/track/5iwz1NiezX7WWjnCgY5TH4,,,,,,,,,,,,,,,,,
123,124,She Will Be Loved - Radio Mix,Maroon 5,250073,https://open.spotify.com/track/4llK75pXNWZz6KAho2Gp16,0.6509999999999999,0.6629999999999999,0.0,-5.569,0.0,0.0281,0.228,0.0,0.0994,0.465,102.0,audio_features,4llK75pXNWZz6KAho2Gp16,spotify:track:4llK75pXNWZz6KAho2Gp16,https://api.spotify.com/v1/audio-analysis/4llK75pXNWZz6KAho2Gp16,259453.0,4.0
124,125,Dele Cotele - Remix,Yohancito,248311,https://open.spotify.com/track/6U3AilMn51njMyILgOlBQl,0.823,0.878,5.0,-0.887,1.0,0.0772,0.134,0.0,0.2,0.965,115.001,audio_features,6U3AilMn51njMyILgOlBQl,spotify:track:6U3AilMn51njMyILgOlBQl,https://api.spotify.com/v1/audio-analysis/6U3AilMn51njMyILgOlBQl,330214.0,4.0
125,126,Funeral,Cami,246885,https://open.spotify.com/track/1ueLYdeuGMAwUiaezLDObD,,,,,,,,,,,,,,,,,
126,127,Hookah & Sheridan s,Tommy Boysen,244264,https://open.spotify.com/track/3QfD4bxxkopZL7XZ8RaezH,0.809,0.528,8.0,-6.886,0.0,0.12,0.353,5.86e-06,0.0897,0.491,103.92299999999999,audio_features,3QfD4bxxkopZL7XZ8RaezH,spotify:track:3QfD4bxxkopZL7XZ8RaezH,https://api.spotify.com/v1/audio-analysis/3QfD4bxxkopZL7XZ8RaezH,195285.0,4.0
127,128,Payphone,Maroon 5,243734,https://open.spotify.com/track/1XGmzt0PVuFgQYYnV2It7A,0.743,0.752,4.0,-4.813,1.0,0.0414,0.0188,0.0,0.287,0.545,110.015,audio_features,1XGmzt0PVuFgQYYnV2It7A,spotify:track:1XGmzt0PVuFgQYYnV2It7A,https://api.spotify.com/v1/audio-analysis/1XGmzt0PVuFgQYYnV2It7A,231173.0,4.0
128,129,La Playa,Myke Towers,243100,https://open.spotify.com/track/6768f4xbHQBpJo5lvFVNvs,0.7959999999999999,0.6829999999999999,10.0,-2.7539999999999996,0.0,0.15,0.10800000000000001,0.0,0.107,0.353,140.108,audio_features,6768f4xbHQBpJo5lvFVNvs,spotify:track:6768f4xbHQBpJo5lvFVNvs,https://api.spotify.com/v1/audio-analysis/6768f4xbHQBpJo5lvFVNvs,207731.0,4.0
129,130,Stupid Love,Lady Gaga,240432,https://open.spotify.com/track/2kJu14V7hbZw3I4K8L8SXb,,,,,,,,,,,,,,,,,
130,131,Relación Rota,Myke Towers,239961,https://open.spotify.com/track/5RClLxkUvnMWFUQ3VAQEHj,0.7879999999999999,0.731,6.0,-5.162999999999999,0.0,0.14400000000000002,0.544,6.8e-05,0.28600000000000003,0.8290000000000001,160.14700000000002,audio_features,5RClLxkUvnMWFUQ3VAQEHj,spotify:track:5RClLxkUvnMWFUQ3VAQEHj,https://api.spotify.com/v1/audio-analysis/5RClLxkUvnMWFUQ3VAQEHj,160667.0,4.0
131,132,Si Estuviésemos Juntos,Bad Bunny,239856,https://open.spotify.com/track/35wvL50xvKpCHEJPxLOLPI,0.672,0.594,1.0,-6.813,0.0,0.0789,0.0626,5.14e-05,0.152,0.158,171.854,audio_features,35wvL50xvKpCHEJPxLOLPI,spotify:track:35wvL50xvKpCHEJPxLOLPI,https://api.spotify.com/v1/audio-analysis/35wvL50xvKpCHEJPxLOLPI,169248.0,4.0
132,133,bad guy,Billie Eilish,239234,https://open.spotify.com/track/2Fxmhks0bxGSBdJ92vM42m,0.701,0.425,7.0,-10.965,1.0,0.375,0.32799999999999996,0.13,0.1,0.562,135.128,audio_features,2Fxmhks0bxGSBdJ92vM42m,spotify:track:2Fxmhks0bxGSBdJ92vM42m,https://api.spotify.com/v1/audio-analysis/2Fxmhks0bxGSBdJ92vM42m,194088.0,4.0
133,134,Te Quiero Ver,Ceaese,236077,https://open.spotify.com/track/6Xfz4YNwwIcFRyfW3QQZVp,0.769,0.8390000000000001,7.0,-3.765,0.0,0.0606,0.41100000000000003,0.0,0.324,0.547,90.01899999999999,audio_features,6Xfz4YNwwIcFRyfW3QQZVp,spotify:track:6Xfz4YNwwIcFRyfW3QQZVp,https://api.spotify.com/v1/audio-analysis/6Xfz4YNwwIcFRyfW3QQZVp,205189.0,4.0
134,135,11 PM,Maluma,235936,https://open.spotify.com/track/7KbF6AdprOXEEHlsq11Z6d,0.777,0.7120000000000001,10.0,-4.84,1.0,0.27699999999999997,0.217,0.0,0.091,0.68,95.69200000000001,audio_features,7KbF6AdprOXEEHlsq11Z6d,spotify:track:7KbF6AdprOXEEHlsq11Z6d,https://api.spotify.com/v1/audio-analysis/7KbF6AdprOXEEHlsq11Z6d,175733.0,4.0
135,136,BORRAXXA,Feid,235455,https://open.spotify.com/track/2Y1EBfErprYwOlgluV9neb,,,,,,,,,,,,,,,,,
136,137,Baila Baila Baila - Remix,Ozuna,233906,https://open.spotify.com/track/7mWFF4gPADjTQjC97CgFVt,0.785,0.5720000000000001,2.0,-7.504,1.0,0.12300000000000001,0.0598,0.0,0.218,0.49,100.016,audio_features,7mWFF4gPADjTQjC97CgFVt,spotify:track:7mWFF4gPADjTQjC97CgFVt,https://api.spotify.com/v1/audio-analysis/7mWFF4gPADjTQjC97CgFVt,235284.0,4.0
137,138,Con Calma,Daddy Yankee,233720,https://open.spotify.com/track/5w9c2J52mkdntKOmRLeM2m,0.737,0.86,8.0,-2.6519999999999997,0.0,0.0593,0.11,1.94e-06,0.0574,0.6559999999999999,93.98899999999999,audio_features,5w9c2J52mkdntKOmRLeM2m,spotify:track:5w9c2J52mkdntKOmRLeM2m,https://api.spotify.com/v1/audio-analysis/5w9c2J52mkdntKOmRLeM2m,193227.0,4.0
138,139,Goteo - Remix,Duki,232538,https://open.spotify.com/track/5widvMUA2hiilH1RpOl5aM,0.675,0.8140000000000001,1.0,-2.793,1.0,0.0417,0.182,0.0,0.451,0.544,147.964,audio_features,5widvMUA2hiilH1RpOl5aM,spotify:track:5widvMUA2hiilH1RpOl5aM,https://api.spotify.com/v1/audio-analysis/5widvMUA2hiilH1RpOl5aM,278229.0,4.0
139,140,Bellaquita,Dalex,232349,https://open.spotify.com/track/1tpbAGsGpZee5jDHMcLrUJ,0.584,0.698,8.0,-3.9610000000000003,1.0,0.106,0.09,6.87e-05,0.171,0.765,166.047,audio_features,1tpbAGsGpZee5jDHMcLrUJ,spotify:track:1tpbAGsGpZee5jDHMcLrUJ,https://api.spotify.com/v1/audio-analysis/1tpbAGsGpZee5jDHMcLrUJ,204787.0,4.0
140,141,Nocturna - Remix,Nio Garcia,230143,https://open.spotify.com/track/3l6Dc2DvpzEXJxnRTX5JUd,0.7809999999999999,0.737,0.0,-7.752000000000001,0.0,0.205,0.614,0.0,0.316,0.784,90.014,audio_features,3l6Dc2DvpzEXJxnRTX5JUd,spotify:track:3l6Dc2DvpzEXJxnRTX5JUd,https://api.spotify.com/v1/audio-analysis/3l6Dc2DvpzEXJxnRTX5JUd,309333.0,4.0
141,142,Easy - Remix,Jhay Cortez,229289,https://open.spotify.com/track/1NmQc6rwLv7g0UHL1AFOa9,0.89,0.748,1.0,-3.844,0.0,0.0976,0.18600000000000003,2.07e-06,0.133,0.402,94.06,audio_features,1NmQc6rwLv7g0UHL1AFOa9,spotify:track:1NmQc6rwLv7g0UHL1AFOa9,https://api.spotify.com/v1/audio-analysis/1NmQc6rwLv7g0UHL1AFOa9,219867.0,4.0
142,143,Otro Trago,Sech,228863,https://open.spotify.com/track/1Ej96GIBCTvgH7tNX1r3qr,0.746,0.7,0.0,-4.669,1.0,0.341,0.136,0.00015900000000000002,0.11,0.619,176.044,audio_features,1Ej96GIBCTvgH7tNX1r3qr,spotify:track:1Ej96GIBCTvgH7tNX1r3qr,https://api.spotify.com/v1/audio-analysis/1Ej96GIBCTvgH7tNX1r3qr,225933.0,4.0
143,144,Despacio,Natti Natasha,228663,https://open.spotify.com/track/203uubEQA07to1kbro35qQ,0.782,0.644,10.0,-3.929,1.0,0.0809,0.585,0.0,0.10800000000000001,0.695,93.01299999999999,audio_features,203uubEQA07to1kbro35qQ,spotify:track:203uubEQA07to1kbro35qQ,https://api.spotify.com/v1/audio-analysis/203uubEQA07to1kbro35qQ,281658.0,4.0
144,145,Falling,Trevor Daniel,225988,https://open.spotify.com/track/4TnjEaWOeW0eKTKIEvJyCa,,,,,,,,,,,,,,,,,
145,146,Rutina,Myke Towers,222126,https://open.spotify.com/track/3YntiCUU0Xqq0B68FM3YAt,0.8340000000000001,0.75,1.0,-2.799,1.0,0.18,0.5529999999999999,6.59e-05,0.263,0.858,95.98,audio_features,3YntiCUU0Xqq0B68FM3YAt,spotify:track:3YntiCUU0Xqq0B68FM3YAt,https://api.spotify.com/v1/audio-analysis/3YntiCUU0Xqq0B68FM3YAt,217227.0,4.0
146,147,Tak Tiki Tak,Harry Nach,220940,https://open.spotify.com/track/0aCTSZQTlmnjQucALTF00s,,,,,,,,,,,,,,,,,
147,148,Imaginate,Rich Music LTD,218652,https://open.spotify.com/track/29ShXDWDedEwZkYc8Du08N,0.691,0.7509999999999999,0.0,-4.275,1.0,0.228,0.316,0.0,0.0808,0.672,169.88400000000001,audio_features,29ShXDWDedEwZkYc8Du08N,spotify:track:29ShXDWDedEwZkYc8Du08N,https://api.spotify.com/v1/audio-analysis/29ShXDWDedEwZkYc8Du08N,225013.0,4.0
148,149,Norty,Harry Nach,218016,https://open.spotify.com/track/0LHejotBx99f8kN7UQP2o4,,,,,,,,,,,,,,,,,
149,150,Tú,Myke Towers,217413,https://open.spotify.com/track/7xX3wvvcZvxGCa06KlgTCp,0.805,0.7440000000000001,5.0,-5.627000000000001,0.0,0.149,0.258,1.4000000000000001e-05,0.27699999999999997,0.825,123.999,audio_features,7xX3wvvcZvxGCa06KlgTCp,spotify:track:7xX3wvvcZvxGCa06KlgTCp,https://api.spotify.com/v1/audio-analysis/7xX3wvvcZvxGCa06KlgTCp,204747.0,4.0
150,151,Atrévete,Nicky Jam,217244,https://open.spotify.com/track/26Qhn2T88XqVinXQpmSarj,0.552,0.675,11.0,-3.824,1.0,0.297,0.311,0.0,0.11900000000000001,0.586,183.785,audio_features,26Qhn2T88XqVinXQpmSarj,spotify:track:26Qhn2T88XqVinXQpmSarj,https://api.spotify.com/v1/audio-analysis/26Qhn2T88XqVinXQpmSarj,198320.0,4.0
151,152,Un Año,Sebastian Yatra,217163,https://open.spotify.com/track/2vrpcQNg6itmgVZWsNjWe0,0.773,0.37799999999999995,1.0,-7.062,0.0,0.0531,0.14,0.0,0.133,0.513,94.946,audio_features,2vrpcQNg6itmgVZWsNjWe0,spotify:track:2vrpcQNg6itmgVZWsNjWe0,https://api.spotify.com/v1/audio-analysis/2vrpcQNg6itmgVZWsNjWe0,163813.0,4.0
152,153,Es Poco,Simon la Letra,213765,https://open.spotify.com/track/63Z1ToWxe9UJA82d9qF5lo,0.747,0.684,4.0,-7.2010000000000005,0.0,0.0537,0.419,0.00247,0.155,0.7979999999999999,99.99799999999999,audio_features,63Z1ToWxe9UJA82d9qF5lo,spotify:track:63Z1ToWxe9UJA82d9qF5lo,https://api.spotify.com/v1/audio-analysis/63Z1ToWxe9UJA82d9qF5lo,210603.0,4.0
153,154,Physical,Dua Lipa,212224,https://open.spotify.com/track/5px6upUHM3fhOP621Edp4V,,,,,,,,,,,,,,,,,
154,155,PORFA,Feid,211982,https://open.spotify.com/track/3iQOfefMGDVDwo8dZoco8T,,,,,,,,,,,,,,,,,
155,156,Vaina Loca,Ozuna,211874,https://open.spotify.com/track/48zFZh27QU5qsrBjn4C2FA,0.754,0.805,6.0,-4.249,1.0,0.0752,0.315,0.0,0.203,0.555,93.98200000000001,audio_features,48zFZh27QU5qsrBjn4C2FA,spotify:track:48zFZh27QU5qsrBjn4C2FA,https://api.spotify.com/v1/audio-analysis/48zFZh27QU5qsrBjn4C2FA,176133.0,4.0
156,157,Te Vi,Piso 21,211433,https://open.spotify.com/track/059bcIhyc2SBwm6sw2AZzd,0.877,0.777,1.0,-4.246,1.0,0.11699999999999999,0.0446,3.46e-05,0.0863,0.706,102.02,audio_features,059bcIhyc2SBwm6sw2AZzd,spotify:track:059bcIhyc2SBwm6sw2AZzd,https://api.spotify.com/v1/audio-analysis/059bcIhyc2SBwm6sw2AZzd,231848.0,4.0
157,158,Adan y Eva,Paulo Londra,209223,https://open.spotify.com/track/132ALUzVLmqYB4UsBj5qD6,0.767,0.7090000000000001,1.0,-4.47,1.0,0.336,0.32299999999999995,0.0,0.0745,0.72,171.993,audio_features,132ALUzVLmqYB4UsBj5qD6,spotify:track:132ALUzVLmqYB4UsBj5qD6,https://api.spotify.com/v1/audio-analysis/132ALUzVLmqYB4UsBj5qD6,256972.0,4.0
158,159,MIA (feat. Drake),Bad Bunny,206713,https://open.spotify.com/track/116H0KvKr2Zl4RPuVBruDO,0.8170000000000001,0.539,6.0,-6.349,0.0,0.0621,0.0141,0.000496,0.099,0.158,97.06200000000001,audio_features,116H0KvKr2Zl4RPuVBruDO,spotify:track:116H0KvKr2Zl4RPuVBruDO,https://api.spotify.com/v1/audio-analysis/116H0KvKr2Zl4RPuVBruDO,210368.0,4.0
159,160,Lloras - Remix,Cauty,205246,https://open.spotify.com/track/3FhiU60cxfN2j4jRy5Y40w,0.8170000000000001,0.6509999999999999,1.0,-4.632,1.0,0.0522,0.49700000000000005,3.97e-05,0.135,0.825,92.03299999999999,audio_features,3FhiU60cxfN2j4jRy5Y40w,spotify:track:3FhiU60cxfN2j4jRy5Y40w,https://api.spotify.com/v1/audio-analysis/3FhiU60cxfN2j4jRy5Y40w,292275.0,4.0
160,161,El Amor No Duele,Denise Rosenthal,204691,https://open.spotify.com/track/0hmK3e2aQRc6geYdguHvNW,0.62,0.534,0.0,-6.489,0.0,0.0811,0.5820000000000001,3.24e-05,0.0906,0.581,95.094,audio_features,0hmK3e2aQRc6geYdguHvNW,spotify:track:0hmK3e2aQRc6geYdguHvNW,https://api.spotify.com/v1/audio-analysis/0hmK3e2aQRc6geYdguHvNW,198680.0,4.0
161,162,Sigue Bailandome,Yannc,204034,https://open.spotify.com/track/0GmiGIxXDNrePrHBpijYDp,0.799,0.69,7.0,-7.252000000000001,1.0,0.1,0.282,0.001,0.14300000000000002,0.682,106.03399999999999,audio_features,0GmiGIxXDNrePrHBpijYDp,spotify:track:0GmiGIxXDNrePrHBpijYDp,https://api.spotify.com/v1/audio-analysis/0GmiGIxXDNrePrHBpijYDp,352442.0,4.0
162,163,Sesi,El Futuro Fuera De Orbita,202335,https://open.spotify.com/track/6g0R4XJbkoNpQ9iMLI2t1T,0.897,0.765,10.0,-3.1239999999999997,0.0,0.0982,0.0391,0.0012,0.136,0.7190000000000001,123.928,audio_features,6g0R4XJbkoNpQ9iMLI2t1T,spotify:track:6g0R4XJbkoNpQ9iMLI2t1T,https://api.spotify.com/v1/audio-analysis/6g0R4XJbkoNpQ9iMLI2t1T,181938.0,4.0
163,164,Música,DJ Luian,200783,https://open.spotify.com/track/4xvTPuwHaXoDM3p0QcY7bH,0.7879999999999999,0.82,1.0,-4.346,0.0,0.16899999999999998,0.22,0.00020299999999999997,0.0799,0.8540000000000001,177.92700000000002,audio_features,4xvTPuwHaXoDM3p0QcY7bH,spotify:track:4xvTPuwHaXoDM3p0QcY7bH,https://api.spotify.com/v1/audio-analysis/4xvTPuwHaXoDM3p0QcY7bH,223815.0,4.0
164,165,"Loco Contigo (with J. Balvin & Ozuna feat. Nicky Jam, Natti Natasha, Darell & Sech) - REMIX",DJ Snake,198272,https://open.spotify.com/track/4odViYSPthqtubEZHUvXUj,0.789,0.6940000000000001,6.0,-5.781000000000001,0.0,0.0729,0.0982,0.0,0.0962,0.5489999999999999,96.035,audio_features,4odViYSPthqtubEZHUvXUj,spotify:track:4odViYSPthqtubEZHUvXUj,https://api.spotify.com/v1/audio-analysis/4odViYSPthqtubEZHUvXUj,341875.0,4.0
165,166,Ella Quiere Beber - Remix,Anuel AA,197023,https://open.spotify.com/track/3f5lA8nnc4YYF1qf78WpHw,0.75,0.665,8.0,-3.083,1.0,0.124,0.265,0.0,0.0515,0.6970000000000001,95.23899999999999,audio_features,3f5lA8nnc4YYF1qf78WpHw,spotify:track:3f5lA8nnc4YYF1qf78WpHw,https://api.spotify.com/v1/audio-analysis/3f5lA8nnc4YYF1qf78WpHw,219357.0,4.0
166,167,everything i wanted,Billie Eilish,197018,https://open.spotify.com/track/3ZCTVFBt2Brf31RLEnCkWJ,0.7040000000000001,0.225,6.0,-14.454,0.0,0.0994,0.902,0.657,0.106,0.243,120.006,audio_features,3ZCTVFBt2Brf31RLEnCkWJ,spotify:track:3ZCTVFBt2Brf31RLEnCkWJ,https://api.spotify.com/v1/audio-analysis/3ZCTVFBt2Brf31RLEnCkWJ,245426.0,4.0
167,168,La Romana,Bad Bunny,195142,https://open.spotify.com/track/1khmgu0pveJbkbpbkyvcQv,0.655,0.725,0.0,-5.497000000000001,1.0,0.188,0.0327,0.00264,0.0611,0.326,125.8,audio_features,1khmgu0pveJbkbpbkyvcQv,spotify:track:1khmgu0pveJbkbpbkyvcQv,https://api.spotify.com/v1/audio-analysis/1khmgu0pveJbkbpbkyvcQv,300579.0,4.0
168,169,Soñarse De A Dos,Denise Rosenthal,193297,https://open.spotify.com/track/4QetDjppwhTLtqPQxXmgM9,0.519,0.166,2.0,-11.456,1.0,0.115,0.925,2.28e-06,0.111,0.341,79.867,audio_features,4QetDjppwhTLtqPQxXmgM9,spotify:track:4QetDjppwhTLtqPQxXmgM9,https://api.spotify.com/v1/audio-analysis/4QetDjppwhTLtqPQxXmgM9,226800.0,4.0
169,170,Isidora,Denise Rosenthal,192422,https://open.spotify.com/track/4pKtuftWSg5EIuk72ZF4IC,0.485,0.243,11.0,-10.629000000000001,0.0,0.0376,0.973,1.11e-05,0.493,0.27699999999999997,138.623,audio_features,4pKtuftWSg5EIuk72ZF4IC,spotify:track:4pKtuftWSg5EIuk72ZF4IC,https://api.spotify.com/v1/audio-analysis/4pKtuftWSg5EIuk72ZF4IC,229907.0,4.0
170,171,Tal Vez,Paulo Londra,192287,https://open.spotify.com/track/5jW3rF4URMdK7tO2xjS5EI,0.855,0.649,8.0,-2.443,1.0,0.151,0.25,0.0,0.0801,0.741,161.986,audio_features,5jW3rF4URMdK7tO2xjS5EI,spotify:track:5jW3rF4URMdK7tO2xjS5EI,https://api.spotify.com/v1/audio-analysis/5jW3rF4URMdK7tO2xjS5EI,263899.0,4.0
171,172,Damelo,Ceaese,191941,https://open.spotify.com/track/6OPl2rRpNsW1BZmtrSxP6X,0.687,0.754,0.0,-4.103,0.0,0.0831,0.0914,0.0,0.106,0.41600000000000004,166.15599999999998,audio_features,6OPl2rRpNsW1BZmtrSxP6X,spotify:track:6OPl2rRpNsW1BZmtrSxP6X,https://api.spotify.com/v1/audio-analysis/6OPl2rRpNsW1BZmtrSxP6X,164819.0,4.0
172,173,Te Boté - Remix,Nio Garcia,190867,https://open.spotify.com/track/3V8UKqhEK5zBkBb6d6ub8i,0.903,0.675,11.0,-3.445,0.0,0.214,0.542,1.28e-05,0.0595,0.442,96.507,audio_features,3V8UKqhEK5zBkBb6d6ub8i,spotify:track:3V8UKqhEK5zBkBb6d6ub8i,https://api.spotify.com/v1/audio-analysis/3V8UKqhEK5zBkBb6d6ub8i,417920.0,4.0
173,174,La Mejor Versión de Mi - Remix,Natti Natasha,190657,https://open.spotify.com/track/2dy3TKVDEbIeWxeIb8JWqZ,0.735,0.7120000000000001,11.0,-5.119,0.0,0.0326,0.732,0.0,0.302,0.894,131.938,audio_features,2dy3TKVDEbIeWxeIb8JWqZ,spotify:track:2dy3TKVDEbIeWxeIb8JWqZ,https://api.spotify.com/v1/audio-analysis/2dy3TKVDEbIeWxeIb8JWqZ,229333.0,4.0
174,175,ROXANNE,Arizona Zervas,190206,https://open.spotify.com/track/696DnlkuDOXcMAnKlTgXXK,0.621,0.601,6.0,-5.6160000000000005,0.0,0.14800000000000002,0.0522,0.0,0.46,0.457,116.735,audio_features,696DnlkuDOXcMAnKlTgXXK,spotify:track:696DnlkuDOXcMAnKlTgXXK,https://api.spotify.com/v1/audio-analysis/696DnlkuDOXcMAnKlTgXXK,163636.0,5.0
175,176,Rasta Barbie (Remix),Gigolo Y La Exce,189890,https://open.spotify.com/track/64kNRze29YqCFzFEpQCaHQ,0.8290000000000001,0.6759999999999999,7.0,-5.129,1.0,0.314,0.0417,0.0,0.275,0.6459999999999999,90.87899999999999,audio_features,64kNRze29YqCFzFEpQCaHQ,spotify:track:64kNRze29YqCFzFEpQCaHQ,https://api.spotify.com/v1/audio-analysis/64kNRze29YqCFzFEpQCaHQ,288470.0,4.0
176,177,Saturno,Pablo Alborán,189233,https://open.spotify.com/track/2f0Ft2XdvNSMSY5TUlZgEz,0.278,0.5720000000000001,7.0,-8.295,1.0,0.0407,0.392,0.0,0.063,0.311,95.351,audio_features,2f0Ft2XdvNSMSY5TUlZgEz,spotify:track:2f0Ft2XdvNSMSY5TUlZgEz,https://api.spotify.com/v1/audio-analysis/2f0Ft2XdvNSMSY5TUlZgEz,253760.0,3.0
177,178,Dispo,Brytiago,189201,https://open.spotify.com/track/4CsCOUmdEG1CD5vgfBq2hv,0.7859999999999999,0.6609999999999999,11.0,-6.254,0.0,0.213,0.272,0.0,0.0852,0.434,180.06400000000002,audio_features,4CsCOUmdEG1CD5vgfBq2hv,spotify:track:4CsCOUmdEG1CD5vgfBq2hv,https://api.spotify.com/v1/audio-analysis/4CsCOUmdEG1CD5vgfBq2hv,198813.0,4.0
178,179,Verano En París - Remix,Jerry Di,188412,https://open.spotify.com/track/6fIVDVyzymH4OAlNhJ93k3,0.68,0.752,11.0,-3.987,1.0,0.37200000000000005,0.214,0.0,0.225,0.461,191.977,audio_features,6fIVDVyzymH4OAlNhJ93k3,spotify:track:6fIVDVyzymH4OAlNhJ93k3,https://api.spotify.com/v1/audio-analysis/6fIVDVyzymH4OAlNhJ93k3,275400.0,4.0
179,180,El Derecho de Vivir en Paz,Músicxs De Chile,188276,https://open.spotify.com/track/2xuYcmQW7sFoVHygnyP2k1,0.462,0.449,11.0,-7.0120000000000005,0.0,0.0262,0.49700000000000005,1.4400000000000001e-05,0.0862,0.348,151.891,audio_features,2xuYcmQW7sFoVHygnyP2k1,spotify:track:2xuYcmQW7sFoVHygnyP2k1,https://api.spotify.com/v1/audio-analysis/2xuYcmQW7sFoVHygnyP2k1,227444.0,3.0
180,181,Nadie (feat. Sech & Sharo Towers) - Remix,Farruko,188213,https://open.spotify.com/track/6pNjmMB8FTMEcqGSgs7Mji,0.764,0.753,0.0,-3.964,1.0,0.0779,0.308,0.0,0.11800000000000001,0.7140000000000001,95.109,audio_features,6pNjmMB8FTMEcqGSgs7Mji,spotify:track:6pNjmMB8FTMEcqGSgs7Mji,https://api.spotify.com/v1/audio-analysis/6pNjmMB8FTMEcqGSgs7Mji,270187.0,4.0
181,182,La Difícil,Camilo,187965,https://open.spotify.com/track/0PaNKfwdqHjmW7hVEQ0lbu,,,,,,,,,,,,,,,,,
182,183,Baila Conmigo (feat. Kelly Ruiz),Dayvi,187115,https://open.spotify.com/track/4Clmg1g8n2yBYG13Z1oSdG,0.745,0.972,7.0,-3.5060000000000002,1.0,0.0774,0.00903,0.465,0.297,0.556,128.031,audio_features,4Clmg1g8n2yBYG13Z1oSdG,spotify:track:4Clmg1g8n2yBYG13Z1oSdG,https://api.spotify.com/v1/audio-analysis/4Clmg1g8n2yBYG13Z1oSdG,189818.0,4.0
183,184,Querida Rosa,Cami,186587,https://open.spotify.com/track/6wBrZZ1LyiBxytLnpgnlhf,0.622,0.33399999999999996,2.0,-8.498,1.0,0.0337,0.85,0.0,0.10300000000000001,0.385,139.724,audio_features,6wBrZZ1LyiBxytLnpgnlhf,spotify:track:6wBrZZ1LyiBxytLnpgnlhf,https://api.spotify.com/v1/audio-analysis/6wBrZZ1LyiBxytLnpgnlhf,176107.0,3.0
184,185,Aquí Estoy,Cami,185864,https://open.spotify.com/track/6ydubKY1r75XKuQheIQB8f,,,,,,,,,,,,,,,,,
185,186,100 Preguntas,Ozuna,185787,https://open.spotify.com/track/21Oh0PHE9KQPXPUvXk7sY9,0.768,0.462,5.0,-5.907,1.0,0.0369,0.6890000000000001,0.0,0.114,0.605,104.008,audio_features,21Oh0PHE9KQPXPUvXk7sY9,spotify:track:21Oh0PHE9KQPXPUvXk7sY9,https://api.spotify.com/v1/audio-analysis/21Oh0PHE9KQPXPUvXk7sY9,178080.0,4.0
186,187,Secreto,Anuel AA,185219,https://open.spotify.com/track/5W83ErFkO3aKAIS1WMi6u0,0.807,0.8029999999999999,11.0,-4.156000000000001,1.0,0.126,0.602,0.00853,0.136,0.706,91.98700000000001,audio_features,5W83ErFkO3aKAIS1WMi6u0,spotify:track:5W83ErFkO3aKAIS1WMi6u0,https://api.spotify.com/v1/audio-analysis/5W83ErFkO3aKAIS1WMi6u0,258800.0,4.0
187,188,Otra Noche en Miami,Bad Bunny,184296,https://open.spotify.com/track/4vCAzANUWDE24URV6wQ4ra,0.514,0.6459999999999999,1.0,-8.833,1.0,0.275,0.19699999999999998,2.3e-05,0.0958,0.297,88.661,audio_features,4vCAzANUWDE24URV6wQ4ra,spotify:track:4vCAzANUWDE24URV6wQ4ra,https://api.spotify.com/v1/audio-analysis/4vCAzANUWDE24URV6wQ4ra,233128.0,4.0
188,189,Fingías,Paloma Mami,183173,https://open.spotify.com/track/7o0oY5wRcoV7oPuDhD2J1z,0.7290000000000001,0.805,6.0,-3.83,1.0,0.184,0.19,0.225,0.0909,0.345,191.99400000000003,audio_features,7o0oY5wRcoV7oPuDhD2J1z,spotify:track:7o0oY5wRcoV7oPuDhD2J1z,https://api.spotify.com/v1/audio-analysis/7o0oY5wRcoV7oPuDhD2J1z,225373.0,4.0
189,190,Ya No Se Trata De Ti,Francisca Valenzuela,182308,https://open.spotify.com/track/4Qk19LdSLuuEDjzR8j2gcV,0.765,0.442,7.0,-7.087000000000001,1.0,0.0319,0.596,1.46e-06,0.115,0.369,100.046,audio_features,4Qk19LdSLuuEDjzR8j2gcV,spotify:track:4Qk19LdSLuuEDjzR8j2gcV,https://api.spotify.com/v1/audio-analysis/4Qk19LdSLuuEDjzR8j2gcV,199747.0,4.0
190,191,La Boca - Remix,Mau y Ricky,182248,https://open.spotify.com/track/2EEmzqzM70CybVspgM7YRT,0.691,0.773,11.0,-3.812,0.0,0.0355,0.23600000000000002,0.0,0.32899999999999996,0.85,92.992,audio_features,2EEmzqzM70CybVspgM7YRT,spotify:track:2EEmzqzM70CybVspgM7YRT,https://api.spotify.com/v1/audio-analysis/2EEmzqzM70CybVspgM7YRT,188468.0,4.0
191,192,Tiburones,Ricky Martin,182181,https://open.spotify.com/track/1zIshc2P9l5AZsOpJWmdTM,0.42200000000000004,0.499,0.0,-5.535,1.0,0.0659,0.6729999999999999,0.0,0.0994,0.39,93.037,audio_features,1zIshc2P9l5AZsOpJWmdTM,spotify:track:1zIshc2P9l5AZsOpJWmdTM,https://api.spotify.com/v1/audio-analysis/1zIshc2P9l5AZsOpJWmdTM,193976.0,4.0
192,193,Aullando,Wisin & Yandel,182019,https://open.spotify.com/track/7BuHdm4lQqcyG3qTwdkxus,0.8,0.74,10.0,-4.52,0.0,0.0479,0.184,0.0,0.0558,0.775,90.035,audio_features,7BuHdm4lQqcyG3qTwdkxus,spotify:track:7BuHdm4lQqcyG3qTwdkxus,https://api.spotify.com/v1/audio-analysis/7BuHdm4lQqcyG3qTwdkxus,226200.0,4.0
193,194,Se Preparó,Ozuna,180194,https://open.spotify.com/track/1m69ELEgE6k5ZWsap40ozt,0.7390000000000001,0.821,1.0,-4.2330000000000005,1.0,0.0852,0.222,9.6e-06,0.311,0.693,171.077,audio_features,1m69ELEgE6k5ZWsap40ozt,spotify:track:1m69ELEgE6k5ZWsap40ozt,https://api.spotify.com/v1/audio-analysis/1m69ELEgE6k5ZWsap40ozt,188080.0,4.0
194,195,How Do You Sleep?,Sam Smith,179556,https://open.spotify.com/track/6b2RcmUt1g9N9mQ3CbjX2Y,0.47700000000000004,0.682,1.0,-4.931,0.0,0.0925,0.153,0.0,0.0763,0.345,110.56700000000001,audio_features,6b2RcmUt1g9N9mQ3CbjX2Y,spotify:track:6b2RcmUt1g9N9mQ3CbjX2Y,https://api.spotify.com/v1/audio-analysis/6b2RcmUt1g9N9mQ3CbjX2Y,202205.0,5.0
195,196,Moves Like Jagger - Studio Recording From The Voice Performance,Maroon 5,178420,https://open.spotify.com/track/7pYfyrMNPn3wtoCyqcTVoI,0.722,0.7609999999999999,11.0,-4.459,0.0,0.0475,0.0117,0.0,0.315,0.624,128.04399999999998,audio_features,7pYfyrMNPn3wtoCyqcTVoI,spotify:track:7pYfyrMNPn3wtoCyqcTVoI,https://api.spotify.com/v1/audio-analysis/7pYfyrMNPn3wtoCyqcTVoI,201493.0,4.0
196,197,Una Vida Para Recordar,Piso 21,176163,https://open.spotify.com/track/7pxL0DzPpCjjcdfQccvnus,0.703,0.7759999999999999,7.0,-3.075,1.0,0.2,0.0746,0.0,0.12300000000000001,0.483,182.136,audio_features,7pxL0DzPpCjjcdfQccvnus,spotify:track:7pxL0DzPpCjjcdfQccvnus,https://api.spotify.com/v1/audio-analysis/7pxL0DzPpCjjcdfQccvnus,215087.0,4.0
197,198,Amárrame,Mon Laferte,176079,https://open.spotify.com/track/3EK4tGkSiO5xvvB5sM4tln,0.563,0.674,5.0,-4.553999999999999,0.0,0.048,0.247,0.0022600000000000003,0.107,0.784,179.977,audio_features,3EK4tGkSiO5xvvB5sM4tln,spotify:track:3EK4tGkSiO5xvvB5sM4tln,https://api.spotify.com/v1/audio-analysis/3EK4tGkSiO5xvvB5sM4tln,207333.0,4.0
198,199,Jugo y Plata,Pablo Chill-E,175687,https://open.spotify.com/track/6ehhkBXzCrzBJ6YCL9tIdd,0.736,0.71,8.0,-7.881,1.0,0.0584,0.191,0.272,0.14400000000000002,0.6559999999999999,160.049,audio_features,6ehhkBXzCrzBJ6YCL9tIdd,spotify:track:6ehhkBXzCrzBJ6YCL9tIdd,https://api.spotify.com/v1/audio-analysis/6ehhkBXzCrzBJ6YCL9tIdd,108000.0,1.0
199,200,ON,BTS,175627,https://open.spotify.com/track/2QyuXBcV1LJ2rq01KhreMF,0.583,0.8170000000000001,9.0,-5.146,0.0,0.0987,0.11800000000000001,0.0,0.33799999999999997,0.43799999999999994,105.936,audio_features,2QyuXBcV1LJ2rq01KhreMF,spotify:track:2QyuXBcV1LJ2rq01KhreMF,https://api.spotify.com/v1/audio-analysis/2QyuXBcV1LJ2rq01KhreMF,246381.0,4.0
