,Position,Track Name,Artist,Streams,URL,danceability,energy,key,loudness,mode,speechiness,acousticness,instrumentalness,liveness,valence,tempo,type,id,uri,analysis_url,duration_ms,time_signature
0,1,Hawái,Maluma,60442,https://open.spotify.com/track/1yoMvmasuxZfqHEipJhRbp,0.7829999999999999,0.727,6.0,-3.4539999999999997,0.0,0.389,0.185,2.46e-05,0.0626,0.5579999999999999,180.067,audio_features,1yoMvmasuxZfqHEipJhRbp,spotify:track:1yoMvmasuxZfqHEipJhRbp,https://api.spotify.com/v1/audio-analysis/1yoMvmasuxZfqHEipJhRbp,199112.0,4.0
1,2,La Curiosidad,Jay Wheeler,44493,https://open.spotify.com/track/4HYDUMY0xSpeBr0AMY9cUz,0.845,0.677,11.0,-4.798,0.0,0.136,0.26899999999999996,0.000917,0.10800000000000001,0.68,90.01299999999999,audio_features,4HYDUMY0xSpeBr0AMY9cUz,spotify:track:4HYDUMY0xSpeBr0AMY9cUz,https://api.spotify.com/v1/audio-analysis/4HYDUMY0xSpeBr0AMY9cUz,219048.0,4.0
2,3,La Tóxica,Farruko,41337,https://open.spotify.com/track/15OjBeqNX3bShsGYQbteRv,0.659,0.701,9.0,-4.107,1.0,0.16399999999999998,0.0882,0.0,0.0866,0.623,91.97,audio_features,15OjBeqNX3bShsGYQbteRv,spotify:track:15OjBeqNX3bShsGYQbteRv,https://api.spotify.com/v1/audio-analysis/15OjBeqNX3bShsGYQbteRv,180520.0,4.0
3,4,"Ay, DiOs Mío!",KAROL G,39136,https://open.spotify.com/track/7x4ASXYEKfQBCewcZhK776,0.718,0.7120000000000001,11.0,-4.3660000000000005,1.0,0.174,0.512,0.00121,0.10400000000000001,0.531,180.03400000000002,audio_features,7x4ASXYEKfQBCewcZhK776,spotify:track:7x4ASXYEKfQBCewcZhK776,https://api.spotify.com/v1/audio-analysis/7x4ASXYEKfQBCewcZhK776,189653.0,4.0
4,5,La Jeepeta - Remix,Nio Garcia,33992,https://open.spotify.com/track/6bvfJf4KjonPMuPfGfy3S2,0.8140000000000001,0.7140000000000001,4.0,-4.65,0.0,0.207,0.297,4.89e-06,0.091,0.789,176.013,audio_features,6bvfJf4KjonPMuPfGfy3S2,spotify:track:6bvfJf4KjonPMuPfGfy3S2,https://api.spotify.com/v1/audio-analysis/6bvfJf4KjonPMuPfGfy3S2,345241.0,4.0
5,6,Relación - Remix,Sech,31291,https://open.spotify.com/track/35UUpTmrcFXNIVIN26ujXl,0.7929999999999999,0.7709999999999999,5.0,-3.417,1.0,0.0959,0.0337,1.51e-06,0.284,0.835,171.94299999999998,audio_features,35UUpTmrcFXNIVIN26ujXl,spotify:track:35UUpTmrcFXNIVIN26ujXl,https://api.spotify.com/v1/audio-analysis/35UUpTmrcFXNIVIN26ujXl,247308.0,4.0
6,7,Tattoo - Remix with Camilo,Rauw Alejandro,31133,https://open.spotify.com/track/4ZRrLHqzhGRXYj2qcB4s5S,,,,,,,,,,,,,,,,,
7,8,Vida de Rico,Camilo,29881,https://open.spotify.com/track/73nAK3HgQK8dak83Y2WQ8F,0.8240000000000001,0.457,6.0,-5.428,1.0,0.0543,0.16699999999999998,0.0,0.040999999999999995,0.95,87.977,audio_features,73nAK3HgQK8dak83Y2WQ8F,spotify:track:73nAK3HgQK8dak83Y2WQ8F,https://api.spotify.com/v1/audio-analysis/73nAK3HgQK8dak83Y2WQ8F,187427.0,4.0
8,9,UN DIA (ONE DAY) (Feat. Tainy),J Balvin,27988,https://open.spotify.com/track/0EhpEsp4L0oRGM0vmeaN5e,0.5710000000000001,0.693,6.0,-8.234,0.0,0.0545,0.00536,0.0,0.17300000000000001,0.39299999999999996,168.169,audio_features,0EhpEsp4L0oRGM0vmeaN5e,spotify:track:0EhpEsp4L0oRGM0vmeaN5e,https://api.spotify.com/v1/audio-analysis/0EhpEsp4L0oRGM0vmeaN5e,232253.0,4.0
9,10,Mi Cuarto,Jerry Di,27417,https://open.spotify.com/track/6fmQjRuo7XvRFCK2qex5hQ,0.8540000000000001,0.525,1.0,-4.426,1.0,0.214,0.8190000000000001,0.0,0.146,0.63,97.054,audio_features,6fmQjRuo7XvRFCK2qex5hQ,spotify:track:6fmQjRuo7XvRFCK2qex5hQ,https://api.spotify.com/v1/audio-analysis/6fmQjRuo7XvRFCK2qex5hQ,197587.0,4.0
10,11,Se Te Nota (with Guaynaa),Lele Pons,27106,https://open.spotify.com/track/11EnQRgRMJwMAesfkB5pnu,0.905,0.6859999999999999,0.0,-3.1519999999999997,1.0,0.0664,0.0907,0.0,0.266,0.963,103.01299999999999,audio_features,11EnQRgRMJwMAesfkB5pnu,spotify:track:11EnQRgRMJwMAesfkB5pnu,https://api.spotify.com/v1/audio-analysis/11EnQRgRMJwMAesfkB5pnu,155825.0,4.0
11,12,Caramelo,Ozuna,23749,https://open.spotify.com/track/5Jm4w8jmPEBTLjI9vH4fXo,0.735,0.7909999999999999,6.0,-4.462,1.0,0.0679,0.0529,0.000146,0.145,0.6970000000000001,168.08700000000002,audio_features,5Jm4w8jmPEBTLjI9vH4fXo,spotify:track:5Jm4w8jmPEBTLjI9vH4fXo,https://api.spotify.com/v1/audio-analysis/5Jm4w8jmPEBTLjI9vH4fXo,217240.0,4.0
12,13,Mi Niña,Wisin,22935,https://open.spotify.com/track/2bgcUk2A3jjKbCJ7KPquTi,0.823,0.821,8.0,-3.4019999999999997,0.0,0.166,0.31,4.28e-06,0.14300000000000002,0.7909999999999999,99.999,audio_features,2bgcUk2A3jjKbCJ7KPquTi,spotify:track:2bgcUk2A3jjKbCJ7KPquTi,https://api.spotify.com/v1/audio-analysis/2bgcUk2A3jjKbCJ7KPquTi,213314.0,4.0
13,14,Chica Ideal,Sebastian Yatra,22364,https://open.spotify.com/track/21N4Buj4xsyLb218lYle61,0.574,0.8909999999999999,0.0,-3.665,0.0,0.157,0.0847,0.0,0.16,0.7070000000000001,100.978,audio_features,21N4Buj4xsyLb218lYle61,spotify:track:21N4Buj4xsyLb218lYle61,https://api.spotify.com/v1/audio-analysis/21N4Buj4xsyLb218lYle61,183240.0,4.0
14,15,"Agua (with J Balvin) - Music From ""Sponge On The Run"" Movie",Tainy,21899,https://open.spotify.com/track/1pqnQ41XbfKjaFu6M0eGJp,0.76,0.6579999999999999,7.0,-5.275,1.0,0.275,0.162,0.0,0.195,0.565,100.20200000000001,audio_features,1pqnQ41XbfKjaFu6M0eGJp,spotify:track:1pqnQ41XbfKjaFu6M0eGJp,https://api.spotify.com/v1/audio-analysis/1pqnQ41XbfKjaFu6M0eGJp,157944.0,4.0
15,16,Pa' Olvidarme De Ella,Piso 21,20282,https://open.spotify.com/track/1cVlW9WQiGlFdWUXFdFZGh,0.728,0.542,0.0,-5.195,1.0,0.0514,0.259,0.0,0.136,0.637,90.016,audio_features,1cVlW9WQiGlFdWUXFdFZGh,spotify:track:1cVlW9WQiGlFdWUXFdFZGh,https://api.spotify.com/v1/audio-analysis/1cVlW9WQiGlFdWUXFdFZGh,227234.0,3.0
16,17,Despeinada,Ozuna,20019,https://open.spotify.com/track/0JAZWvvqttGFm4UMDsPQXC,0.7340000000000001,0.775,8.0,-3.855,1.0,0.0614,0.18600000000000003,0.000542,0.12300000000000001,0.72,166.03900000000002,audio_features,0JAZWvvqttGFm4UMDsPQXC,spotify:track:0JAZWvvqttGFm4UMDsPQXC,https://api.spotify.com/v1/audio-analysis/0JAZWvvqttGFm4UMDsPQXC,224187.0,4.0
17,18,Rojo,J Balvin,19909,https://open.spotify.com/track/380HmhwTE2NJgawn1NwkXi,0.6629999999999999,0.598,11.0,-4.042,1.0,0.17,0.193,8.02e-05,0.0856,0.4,172.245,audio_features,380HmhwTE2NJgawn1NwkXi,spotify:track:380HmhwTE2NJgawn1NwkXi,https://api.spotify.com/v1/audio-analysis/380HmhwTE2NJgawn1NwkXi,150720.0,4.0
18,19,Djadja (feat. Maluma) - Remix,Aya Nakamura,19637,https://open.spotify.com/track/13vDU8nPsvTGEVTMB8Vw7g,0.7909999999999999,0.682,5.0,-7.327999999999999,1.0,0.158,0.175,0.0,0.0926,0.672,98.031,audio_features,13vDU8nPsvTGEVTMB8Vw7g,spotify:track:13vDU8nPsvTGEVTMB8Vw7g,https://api.spotify.com/v1/audio-analysis/13vDU8nPsvTGEVTMB8Vw7g,166851.0,4.0
19,20,Jangueo,Alex Rose,18941,https://open.spotify.com/track/1bRpSCFv6P2OUhciByeRYR,0.861,0.6779999999999999,8.0,-4.157,0.0,0.0536,0.253,2.42e-05,0.106,0.723,103.994,audio_features,1bRpSCFv6P2OUhciByeRYR,spotify:track:1bRpSCFv6P2OUhciByeRYR,https://api.spotify.com/v1/audio-analysis/1bRpSCFv6P2OUhciByeRYR,259600.0,4.0
20,21,Relación,Sech,18879,https://open.spotify.com/track/3ZG8N7aWw2meb6UrI5ZmnZ,0.805,0.562,7.0,-3.117,0.0,0.105,0.125,4.96e-06,0.14800000000000002,0.767,172.09400000000002,audio_features,3ZG8N7aWw2meb6UrI5ZmnZ,spotify:track:3ZG8N7aWw2meb6UrI5ZmnZ,https://api.spotify.com/v1/audio-analysis/3ZG8N7aWw2meb6UrI5ZmnZ,184255.0,4.0
21,22,Azul,J Balvin,18799,https://open.spotify.com/track/2lCkncy6bIB0LTMT7kvrD1,0.843,0.836,11.0,-2.474,0.0,0.0695,0.0816,0.0013800000000000002,0.0532,0.65,94.01799999999999,audio_features,2lCkncy6bIB0LTMT7kvrD1,spotify:track:2lCkncy6bIB0LTMT7kvrD1,https://api.spotify.com/v1/audio-analysis/2lCkncy6bIB0LTMT7kvrD1,205933.0,4.0
22,23,Blinding Lights,The Weeknd,18579,https://open.spotify.com/track/0VjIjW4GlUZAMYd2vXMi3b,0.514,0.73,1.0,-5.934,1.0,0.0598,0.00146,9.54e-05,0.0897,0.33399999999999996,171.005,audio_features,0VjIjW4GlUZAMYd2vXMi3b,spotify:track:0VjIjW4GlUZAMYd2vXMi3b,https://api.spotify.com/v1/audio-analysis/0VjIjW4GlUZAMYd2vXMi3b,200040.0,4.0
23,24,Favorito,Camilo,18470,https://open.spotify.com/track/0jT8Nl0shPS8115is0wD2Q,0.606,0.853,9.0,-2.975,1.0,0.0545,0.237,0.0,0.251,0.8220000000000001,178.043,audio_features,0jT8Nl0shPS8115is0wD2Q,spotify:track:0jT8Nl0shPS8115is0wD2Q,https://api.spotify.com/v1/audio-analysis/0jT8Nl0shPS8115is0wD2Q,209766.0,4.0
24,25,CÓMO SE SIENTE - Remix,Jhay Cortez,17622,https://open.spotify.com/track/2tFwfmceQa1Y6nRPhYbEtC,0.807,0.606,3.0,-8.871,0.0,0.08800000000000001,0.0946,0.0,0.11900000000000001,0.304,92.988,audio_features,2tFwfmceQa1Y6nRPhYbEtC,spotify:track:2tFwfmceQa1Y6nRPhYbEtC,https://api.spotify.com/v1/audio-analysis/2tFwfmceQa1Y6nRPhYbEtC,227520.0,4.0
25,26,Quiéreme Mientras Se Pueda,Manuel Turizo,17596,https://open.spotify.com/track/34LI7rwi9H8w2S5KTHnv1M,0.7929999999999999,0.782,4.0,-3.945,1.0,0.0582,0.447,0.0,0.124,0.81,143.86,audio_features,34LI7rwi9H8w2S5KTHnv1M,spotify:track:34LI7rwi9H8w2S5KTHnv1M,https://api.spotify.com/v1/audio-analysis/34LI7rwi9H8w2S5KTHnv1M,191945.0,4.0
26,27,Si Veo a Tu Mamá,Bad Bunny,17450,https://open.spotify.com/track/41wtwzCZkXwpnakmwJ239F,0.9,0.603,2.0,-5.313,1.0,0.0646,0.402,4.81e-06,0.134,0.8240000000000001,129.928,audio_features,41wtwzCZkXwpnakmwJ239F,spotify:track:41wtwzCZkXwpnakmwJ239F,https://api.spotify.com/v1/audio-analysis/41wtwzCZkXwpnakmwJ239F,170972.0,4.0
27,28,Parce (feat. Justin Quiles),Maluma,17425,https://open.spotify.com/track/4RJz8NfIe09gpKMiRUWKhJ,0.691,0.7390000000000001,5.0,-3.09,0.0,0.22899999999999998,0.42200000000000004,3.95e-06,0.11,0.884,83.897,audio_features,4RJz8NfIe09gpKMiRUWKhJ,spotify:track:4RJz8NfIe09gpKMiRUWKhJ,https://api.spotify.com/v1/audio-analysis/4RJz8NfIe09gpKMiRUWKhJ,248345.0,4.0
28,29,Tusa,KAROL G,17064,https://open.spotify.com/track/7k4t7uLgtOxPwTpFmtJNTY,0.8029999999999999,0.715,2.0,-3.28,1.0,0.298,0.295,0.000134,0.0574,0.574,101.085,audio_features,7k4t7uLgtOxPwTpFmtJNTY,spotify:track:7k4t7uLgtOxPwTpFmtJNTY,https://api.spotify.com/v1/audio-analysis/7k4t7uLgtOxPwTpFmtJNTY,200960.0,4.0
29,30,Dynamite,BTS,17039,https://open.spotify.com/track/0t1kP63rueHleOhQkYSXFY,,,,,,,,,,,,,,,,,
30,31,"Lean (feat. Towy, Osquel, Beltito & Sammy & Falsetto)",Super Yei,16901,https://open.spotify.com/track/5DoLhdU27owX1NMrKLUbUl,0.863,0.669,6.0,-5.952000000000001,0.0,0.282,0.111,0.0,0.0569,0.9470000000000001,164.062,audio_features,5DoLhdU27owX1NMrKLUbUl,spotify:track:5DoLhdU27owX1NMrKLUbUl,https://api.spotify.com/v1/audio-analysis/5DoLhdU27owX1NMrKLUbUl,260545.0,4.0
31,32,Safaera,Bad Bunny,16866,https://open.spotify.com/track/2DEZmgHKAvm41k4J3R2E9Y,0.607,0.8290000000000001,2.0,-4.074,1.0,0.379,0.0103,0.0,0.107,0.685,96.17200000000001,audio_features,2DEZmgHKAvm41k4J3R2E9Y,spotify:track:2DEZmgHKAvm41k4J3R2E9Y,https://api.spotify.com/v1/audio-analysis/2DEZmgHKAvm41k4J3R2E9Y,295177.0,4.0
32,33,De Los Besos Que Te Di,Christian Nodal,16843,https://open.spotify.com/track/1qfoq1qvZT7VwDVeekCJ97,0.504,0.503,7.0,-3.313,1.0,0.0422,0.38799999999999996,0.0,0.0608,0.7090000000000001,195.593,audio_features,1qfoq1qvZT7VwDVeekCJ97,spotify:track:1qfoq1qvZT7VwDVeekCJ97,https://api.spotify.com/v1/audio-analysis/1qfoq1qvZT7VwDVeekCJ97,167373.0,4.0
33,34,+Linda,Dalex,16817,https://open.spotify.com/track/5cBrOhKDyiJF9bPGUHKkG0,0.66,0.503,9.0,-5.501,1.0,0.34,0.131,0.0,0.13,0.396,175.896,audio_features,5cBrOhKDyiJF9bPGUHKkG0,spotify:track:5cBrOhKDyiJF9bPGUHKkG0,https://api.spotify.com/v1/audio-analysis/5cBrOhKDyiJF9bPGUHKkG0,161748.0,4.0
34,35,Jeans,Justin Quiles,16766,https://open.spotify.com/track/3GtnId3Cm1Xa6joCj08nzW,0.807,0.6559999999999999,3.0,-4.395,0.0,0.105,0.0165,0.0,0.0693,0.89,83.943,audio_features,3GtnId3Cm1Xa6joCj08nzW,spotify:track:3GtnId3Cm1Xa6joCj08nzW,https://api.spotify.com/v1/audio-analysis/3GtnId3Cm1Xa6joCj08nzW,185840.0,4.0
35,36,LA CANCIÓN,J Balvin,16659,https://open.spotify.com/track/0fea68AdmYNygeTGI4RC18,0.754,0.6459999999999999,7.0,-5.795,1.0,0.317,0.152,1.85e-05,0.10800000000000001,0.429,176.08900000000003,audio_features,0fea68AdmYNygeTGI4RC18,spotify:track:0fea68AdmYNygeTGI4RC18,https://api.spotify.com/v1/audio-analysis/0fea68AdmYNygeTGI4RC18,242573.0,4.0
36,37,Aquí Abajo,Christian Nodal,16502,https://open.spotify.com/track/16ONd70tvWAaLIc6hcLzaG,0.638,0.43700000000000006,4.0,-3.8569999999999998,1.0,0.0332,0.282,0.0,0.0894,0.618,147.88,audio_features,16ONd70tvWAaLIc6hcLzaG,spotify:track:16ONd70tvWAaLIc6hcLzaG,https://api.spotify.com/v1/audio-analysis/16ONd70tvWAaLIc6hcLzaG,143933.0,3.0
37,38,Una Locura,Ozuna,16047,https://open.spotify.com/track/5y7DaS3jAc9eZzcSOoUIwU,0.7140000000000001,0.7609999999999999,5.0,-4.596,0.0,0.0427,0.139,0.00035,0.24100000000000002,0.9059999999999999,168.02200000000002,audio_features,5y7DaS3jAc9eZzcSOoUIwU,spotify:track:5y7DaS3jAc9eZzcSOoUIwU,https://api.spotify.com/v1/audio-analysis/5y7DaS3jAc9eZzcSOoUIwU,230693.0,4.0
38,39,Diosa,Myke Towers,16034,https://open.spotify.com/track/3JHpk0DOTOzyh0777JFAky,0.8009999999999999,0.745,6.0,-3.733,0.0,0.063,0.39799999999999996,0.00603,0.153,0.245,104.965,audio_features,3JHpk0DOTOzyh0777JFAky,spotify:track:3JHpk0DOTOzyh0777JFAky,https://api.spotify.com/v1/audio-analysis/3JHpk0DOTOzyh0777JFAky,214013.0,4.0
39,40,La Santa,Bad Bunny,15955,https://open.spotify.com/track/69vlMrzHwATKzupwNcUPyK,0.7440000000000001,0.868,1.0,-4.524,1.0,0.047,0.0326,0.0,0.0822,0.586,93.037,audio_features,69vlMrzHwATKzupwNcUPyK,spotify:track:69vlMrzHwATKzupwNcUPyK,https://api.spotify.com/v1/audio-analysis/69vlMrzHwATKzupwNcUPyK,206420.0,4.0
40,41,Sigues Con El,Dímelo Flow,15535,https://open.spotify.com/track/7sQKy5vlPQllr0k9IjYJv3,0.883,0.6679999999999999,9.0,-2.957,1.0,0.113,0.11,0.000529,0.0734,0.6759999999999999,87.97200000000001,audio_features,7sQKy5vlPQllr0k9IjYJv3,spotify:track:7sQKy5vlPQllr0k9IjYJv3,https://api.spotify.com/v1/audio-analysis/7sQKy5vlPQllr0k9IjYJv3,226533.0,4.0
41,42,Yo Perreo Sola,Bad Bunny,15324,https://open.spotify.com/track/0SqqAgdovOE24BzxIClpjw,0.86,0.758,11.0,-5.16,1.0,0.0695,0.021,6.54e-05,0.344,0.45299999999999996,97.014,audio_features,0SqqAgdovOE24BzxIClpjw,spotify:track:0SqqAgdovOE24BzxIClpjw,https://api.spotify.com/v1/audio-analysis/0SqqAgdovOE24BzxIClpjw,172127.0,4.0
42,43,A Tu Merced,Bad Bunny,15140,https://open.spotify.com/track/4r9jkMEnArtWGH2rL2FZl0,0.86,0.7909999999999999,0.0,-4.784,1.0,0.0568,0.16899999999999998,0.000106,0.106,0.887,92.023,audio_features,4r9jkMEnArtWGH2rL2FZl0,spotify:track:4r9jkMEnArtWGH2rL2FZl0,https://api.spotify.com/v1/audio-analysis/4r9jkMEnArtWGH2rL2FZl0,175918.0,4.0
43,44,Elegí (feat. Dímelo Flow),Rauw Alejandro,14844,https://open.spotify.com/track/50ZC4PM7hywH27RcCfViau,0.8240000000000001,0.631,0.0,-2.7910000000000004,1.0,0.0809,0.237,0.00011599999999999999,0.0531,0.6779999999999999,171.965,audio_features,50ZC4PM7hywH27RcCfViau,spotify:track:50ZC4PM7hywH27RcCfViau,https://api.spotify.com/v1/audio-analysis/50ZC4PM7hywH27RcCfViau,197721.0,4.0
44,45,Ignorantes,Bad Bunny,14559,https://open.spotify.com/track/38RIEav39FGi86jppxO0du,0.85,0.536,1.0,-5.1610000000000005,1.0,0.0599,0.267,3.8900000000000004e-05,0.0996,0.505,96.029,audio_features,38RIEav39FGi86jppxO0du,spotify:track:38RIEav39FGi86jppxO0du,https://api.spotify.com/v1/audio-analysis/38RIEav39FGi86jppxO0du,210607.0,4.0
45,46,WAP (feat. Megan Thee Stallion),Cardi B,14542,https://open.spotify.com/track/4Oun2ylbjFKMPTiaSbbCih,0.935,0.45399999999999996,1.0,-7.5089999999999995,1.0,0.375,0.0194,0.0,0.0824,0.35700000000000004,133.07299999999998,audio_features,4Oun2ylbjFKMPTiaSbbCih,spotify:track:4Oun2ylbjFKMPTiaSbbCih,https://api.spotify.com/v1/audio-analysis/4Oun2ylbjFKMPTiaSbbCih,187541.0,4.0
46,47,Vete,Bad Bunny,14530,https://open.spotify.com/track/2n7ohqg1s68ToAHh4u9mcW,0.8859999999999999,0.672,1.0,-4.394,1.0,0.188,0.0363,8.78e-06,0.10099999999999999,0.526,91.976,audio_features,2n7ohqg1s68ToAHh4u9mcW,spotify:track:2n7ohqg1s68ToAHh4u9mcW,https://api.spotify.com/v1/audio-analysis/2n7ohqg1s68ToAHh4u9mcW,192024.0,4.0
47,48,Hola - Remix,Dalex,14504,https://open.spotify.com/track/5stPVcRqb4qixbafP9e8lt,0.654,0.672,0.0,-5.98,0.0,0.311,0.47100000000000003,0.0,0.0781,0.34299999999999997,181.857,audio_features,5stPVcRqb4qixbafP9e8lt,spotify:track:5stPVcRqb4qixbafP9e8lt,https://api.spotify.com/v1/audio-analysis/5stPVcRqb4qixbafP9e8lt,249520.0,4.0
48,49,La Nota,Manuel Turizo,14119,https://open.spotify.com/track/7ndTONDDRFGiPnnhOzOXxq,0.736,0.632,11.0,-4.939,0.0,0.0648,0.18,0.0,0.349,0.503,92.03,audio_features,7ndTONDDRFGiPnnhOzOXxq,spotify:track:7ndTONDDRFGiPnnhOzOXxq,https://api.spotify.com/v1/audio-analysis/7ndTONDDRFGiPnnhOzOXxq,216107.0,4.0
49,50,La Forma en Que Me Miras,Super Yei,13697,https://open.spotify.com/track/57Ba26w9eoXx8BBUNgRNLV,0.6559999999999999,0.665,1.0,-1.3869999999999998,1.0,0.18899999999999997,0.149,8.33e-06,0.16,0.569,189.984,audio_features,57Ba26w9eoXx8BBUNgRNLV,spotify:track:57Ba26w9eoXx8BBUNgRNLV,https://api.spotify.com/v1/audio-analysis/57Ba26w9eoXx8BBUNgRNLV,307435.0,4.0
50,51,Tak Tiki Tak,Harry Nach,13589,https://open.spotify.com/track/7gwwt1IaAWwmB7af0AcuBM,0.8009999999999999,0.579,11.0,-4.78,0.0,0.0813,0.33299999999999996,0.00035499999999999996,0.172,0.231,99.994,audio_features,7gwwt1IaAWwmB7af0AcuBM,spotify:track:7gwwt1IaAWwmB7af0AcuBM,https://api.spotify.com/v1/audio-analysis/7gwwt1IaAWwmB7af0AcuBM,212406.0,4.0
51,52,Si Estuviésemos Juntos,Bad Bunny,13446,https://open.spotify.com/track/35wvL50xvKpCHEJPxLOLPI,0.672,0.594,1.0,-6.813,0.0,0.0789,0.0626,5.14e-05,0.152,0.158,171.854,audio_features,35wvL50xvKpCHEJPxLOLPI,spotify:track:35wvL50xvKpCHEJPxLOLPI,https://api.spotify.com/v1/audio-analysis/35wvL50xvKpCHEJPxLOLPI,169248.0,4.0
52,53,positions,Ariana Grande,13370,https://open.spotify.com/track/7igeByaBM0MgGsgXtNxDJ7,,,,,,,,,,,,,,,,,
53,54,Caramelo - Remix,Ozuna,13303,https://open.spotify.com/track/67jvGGbJmOmVonlyX3mNkV,0.755,0.772,3.0,-4.539,0.0,0.154,0.0605,9.19e-05,0.223,0.586,168.062,audio_features,67jvGGbJmOmVonlyX3mNkV,spotify:track:67jvGGbJmOmVonlyX3mNkV,https://api.spotify.com/v1/audio-analysis/67jvGGbJmOmVonlyX3mNkV,233160.0,4.0
54,55,Singapur,El Alfa,13265,https://open.spotify.com/track/4QfZYDhGZc0T2RDvGiI69E,0.853,0.909,7.0,-2.4730000000000003,1.0,0.22899999999999998,0.0522,0.0223,0.129,0.8029999999999999,112.98700000000001,audio_features,4QfZYDhGZc0T2RDvGiI69E,spotify:track:4QfZYDhGZc0T2RDvGiI69E,https://api.spotify.com/v1/audio-analysis/4QfZYDhGZc0T2RDvGiI69E,178407.0,4.0
55,56,No Me Conoce - Remix,Jhay Cortez,13063,https://open.spotify.com/track/4R8BJggjosTswLxtkw8V7P,0.8059999999999999,0.7859999999999999,10.0,-3.8310000000000004,0.0,0.0741,0.145,0.0,0.0935,0.58,91.973,audio_features,4R8BJggjosTswLxtkw8V7P,spotify:track:4R8BJggjosTswLxtkw8V7P,https://api.spotify.com/v1/audio-analysis/4R8BJggjosTswLxtkw8V7P,309120.0,4.0
56,57,Don Don,Daddy Yankee,13034,https://open.spotify.com/track/3kml9ZdpT7UYk1ugkjqOzt,0.838,0.8190000000000001,5.0,-4.681,0.0,0.21100000000000002,0.285,6.3e-05,0.22399999999999998,0.6559999999999999,105.027,audio_features,3kml9ZdpT7UYk1ugkjqOzt,spotify:track:3kml9ZdpT7UYk1ugkjqOzt,https://api.spotify.com/v1/audio-analysis/3kml9ZdpT7UYk1ugkjqOzt,275893.0,4.0
57,58,Madrid (feat. Myke Towers),Maluma,12809,https://open.spotify.com/track/19OXtYzrJyCrQvTbfukt4H,0.764,0.741,9.0,-3.617,1.0,0.10099999999999999,0.239,0.0,0.107,0.802,170.081,audio_features,19OXtYzrJyCrQvTbfukt4H,spotify:track:19OXtYzrJyCrQvTbfukt4H,https://api.spotify.com/v1/audio-analysis/19OXtYzrJyCrQvTbfukt4H,198570.0,4.0
58,59,La Difícil,Bad Bunny,12662,https://open.spotify.com/track/6NfrH0ANGmgBXyxgV2PeXt,0.685,0.848,8.0,-4.561,0.0,0.0858,0.0861,7.14e-06,0.0783,0.7609999999999999,179.87,audio_features,6NfrH0ANGmgBXyxgV2PeXt,spotify:track:6NfrH0ANGmgBXyxgV2PeXt,https://api.spotify.com/v1/audio-analysis/6NfrH0ANGmgBXyxgV2PeXt,163084.0,4.0
59,60,Fantasias,Rauw Alejandro,12134,https://open.spotify.com/track/6mAN61JH0dzyZpWslS11jy,0.879,0.703,1.0,-4.218999999999999,1.0,0.0701,0.14300000000000002,0.0,0.0569,0.7879999999999999,94.00399999999999,audio_features,6mAN61JH0dzyZpWslS11jy,spotify:track:6mAN61JH0dzyZpWslS11jy,https://api.spotify.com/v1/audio-analysis/6mAN61JH0dzyZpWslS11jy,199711.0,4.0
60,61,Watermelon Sugar,Harry Styles,12012,https://open.spotify.com/track/6UelLqGlWMcVH1E5c4H7lY,0.5479999999999999,0.816,0.0,-4.209,1.0,0.0465,0.122,0.0,0.335,0.557,95.39,audio_features,6UelLqGlWMcVH1E5c4H7lY,spotify:track:6UelLqGlWMcVH1E5c4H7lY,https://api.spotify.com/v1/audio-analysis/6UelLqGlWMcVH1E5c4H7lY,174000.0,4.0
61,62,Te Vi,Piso 21,11742,https://open.spotify.com/track/059bcIhyc2SBwm6sw2AZzd,0.877,0.777,1.0,-4.246,1.0,0.11699999999999999,0.0446,3.46e-05,0.0863,0.706,102.02,audio_features,059bcIhyc2SBwm6sw2AZzd,spotify:track:059bcIhyc2SBwm6sw2AZzd,https://api.spotify.com/v1/audio-analysis/059bcIhyc2SBwm6sw2AZzd,231848.0,4.0
62,63,Don't Start Now,Dua Lipa,11693,https://open.spotify.com/track/3PfIrDoz19wz7qK7tYeu62,0.7929999999999999,0.7929999999999999,11.0,-4.521,0.0,0.083,0.0123,0.0,0.0951,0.679,123.95,audio_features,3PfIrDoz19wz7qK7tYeu62,spotify:track:3PfIrDoz19wz7qK7tYeu62,https://api.spotify.com/v1/audio-analysis/3PfIrDoz19wz7qK7tYeu62,183290.0,4.0
63,64,Hasta Que Dios Diga,Anuel AA,11420,https://open.spotify.com/track/06s3QtMJVXw1AJX3UfvZG1,0.691,0.765,8.0,-4.727,1.0,0.111,0.46399999999999997,3.29e-06,0.203,0.855,174.021,audio_features,06s3QtMJVXw1AJX3UfvZG1,spotify:track:06s3QtMJVXw1AJX3UfvZG1,https://api.spotify.com/v1/audio-analysis/06s3QtMJVXw1AJX3UfvZG1,246000.0,4.0
64,65,Se Me Olvidó,Christian Nodal,11162,https://open.spotify.com/track/7paFC3FEu1WtPVP4Do6VZN,0.65,0.5579999999999999,0.0,-3.082,1.0,0.0309,0.368,0.0,0.303,0.725,141.82,audio_features,7paFC3FEu1WtPVP4Do6VZN,spotify:track:7paFC3FEu1WtPVP4Do6VZN,https://api.spotify.com/v1/audio-analysis/7paFC3FEu1WtPVP4Do6VZN,159533.0,4.0
65,66,4K,El Alfa,11013,https://open.spotify.com/track/4xI3U4sDj1TPmO9Iz5TkYp,0.925,0.9,3.0,-4.361000000000001,0.0,0.14400000000000002,0.35700000000000004,0.00595,0.124,0.804,120.031,audio_features,4xI3U4sDj1TPmO9Iz5TkYp,spotify:track:4xI3U4sDj1TPmO9Iz5TkYp,https://api.spotify.com/v1/audio-analysis/4xI3U4sDj1TPmO9Iz5TkYp,201500.0,4.0
66,67,Callaita,Bad Bunny,10992,https://open.spotify.com/track/2TH65lNHgvLxCKXM3apjxI,0.61,0.624,2.0,-4.773,1.0,0.309,0.6,2.12e-06,0.243,0.244,176.169,audio_features,2TH65lNHgvLxCKXM3apjxI,spotify:track:2TH65lNHgvLxCKXM3apjxI,https://api.spotify.com/v1/audio-analysis/2TH65lNHgvLxCKXM3apjxI,250534.0,4.0
67,68,Dream Girl - Remix,Ir Sais,10714,https://open.spotify.com/track/099tjv6oy2opbpCOA3nBwX,0.767,0.643,5.0,-5.225,1.0,0.10099999999999999,0.21600000000000003,0.00010400000000000001,0.0806,0.536,169.99,audio_features,099tjv6oy2opbpCOA3nBwX,spotify:track:099tjv6oy2opbpCOA3nBwX,https://api.spotify.com/v1/audio-analysis/099tjv6oy2opbpCOA3nBwX,192452.0,4.0
68,69,Ayer Me Llamó Mi Ex (feat. Lenny Santos),KHEA,10511,https://open.spotify.com/track/6C6mUonH6MNdSg5pw7kOc9,0.752,0.716,10.0,-5.2,0.0,0.0325,0.254,0.0,0.243,0.5529999999999999,117.007,audio_features,6C6mUonH6MNdSg5pw7kOc9,spotify:track:6C6mUonH6MNdSg5pw7kOc9,https://api.spotify.com/v1/audio-analysis/6C6mUonH6MNdSg5pw7kOc9,206760.0,4.0
69,70,Nada,Cali Y El Dandee,10460,https://open.spotify.com/track/4K8cyoCDovlc4FvtUr2Hfx,0.684,0.8079999999999999,0.0,-2.737,1.0,0.061,0.0518,1.0199999999999999e-05,0.0858,0.7120000000000001,173.905,audio_features,4K8cyoCDovlc4FvtUr2Hfx,spotify:track:4K8cyoCDovlc4FvtUr2Hfx,https://api.spotify.com/v1/audio-analysis/4K8cyoCDovlc4FvtUr2Hfx,174027.0,4.0
70,71,Tattoo,Rauw Alejandro,10343,https://open.spotify.com/track/7na7Bk98usp84FaOJFPv3d,0.755,0.617,9.0,-5.144,1.0,0.182,0.0217,0.0,0.0625,0.745,193.896,audio_features,7na7Bk98usp84FaOJFPv3d,spotify:track:7na7Bk98usp84FaOJFPv3d,https://api.spotify.com/v1/audio-analysis/7na7Bk98usp84FaOJFPv3d,202887.0,4.0
71,72,How You Like That,BLACKPINK,10215,https://open.spotify.com/track/4SFknyjLcyTLJFPKD2m96o,0.812,0.7609999999999999,11.0,-5.222,1.0,0.0812,0.0465,0.000135,0.0601,0.344,130.032,audio_features,4SFknyjLcyTLJFPKD2m96o,spotify:track:4SFknyjLcyTLJFPKD2m96o,https://api.spotify.com/v1/audio-analysis/4SFknyjLcyTLJFPKD2m96o,182956.0,4.0
72,73,Mamichula - con Nicki Nicole,Trueno,10085,https://open.spotify.com/track/4pXW6ZAHBz7ODXTRKklWrM,,,,,,,,,,,,,,,,,
73,74,Si Me Dices Que Sí,Reik,10063,https://open.spotify.com/track/56Ta1O7Jxxpjnc6cWdDKUo,0.578,0.634,8.0,-5.979,0.0,0.33299999999999996,0.00473,0.0,0.132,0.21600000000000003,183.89,audio_features,56Ta1O7Jxxpjnc6cWdDKUo,spotify:track:56Ta1O7Jxxpjnc6cWdDKUo,https://api.spotify.com/v1/audio-analysis/56Ta1O7Jxxpjnc6cWdDKUo,211652.0,4.0
74,75,Ice Cream (with Selena Gomez),BLACKPINK,10007,https://open.spotify.com/track/4JUPEh2DVSXFGExu4Uxevz,0.79,0.701,9.0,-4.81,1.0,0.365,0.0317,8.06e-05,0.0311,0.91,159.972,audio_features,4JUPEh2DVSXFGExu4Uxevz,spotify:track:4JUPEh2DVSXFGExu4Uxevz,https://api.spotify.com/v1/audio-analysis/4JUPEh2DVSXFGExu4Uxevz,177813.0,4.0
75,76,El Efecto - Remix,Rauw Alejandro,9985,https://open.spotify.com/track/74j34STf8L6uADnTN69ohv,0.7709999999999999,0.769,0.0,-3.5039999999999996,0.0,0.0694,0.18,1.57e-05,0.345,0.9309999999999999,167.96900000000002,audio_features,74j34STf8L6uADnTN69ohv,spotify:track:74j34STf8L6uADnTN69ohv,https://api.spotify.com/v1/audio-analysis/74j34STf8L6uADnTN69ohv,289899.0,4.0
76,77,Tutu,Camilo,9870,https://open.spotify.com/track/1Ol5LmdNDNpFu1oNwfgkux,0.727,0.838,9.0,-2.435,1.0,0.0472,0.297,0.0,0.0603,0.9329999999999999,145.995,audio_features,1Ol5LmdNDNpFu1oNwfgkux,spotify:track:1Ol5LmdNDNpFu1oNwfgkux,https://api.spotify.com/v1/audio-analysis/1Ol5LmdNDNpFu1oNwfgkux,179339.0,4.0
77,78,Por Primera Vez,Camilo,9818,https://open.spotify.com/track/0pgj4EzB1XRqgZemoMNG5D,0.72,0.606,1.0,-3.54,1.0,0.11599999999999999,0.14300000000000002,0.0,0.0824,0.805,165.882,audio_features,0pgj4EzB1XRqgZemoMNG5D,spotify:track:0pgj4EzB1XRqgZemoMNG5D,https://api.spotify.com/v1/audio-analysis/0pgj4EzB1XRqgZemoMNG5D,182709.0,4.0
78,79,ADMV,Maluma,9776,https://open.spotify.com/track/4j3iq13kHs5PB94jdTp3Y3,0.561,0.39,9.0,-4.959,1.0,0.0568,0.8190000000000001,0.0,0.126,0.705,163.919,audio_features,4j3iq13kHs5PB94jdTp3Y3,spotify:track:4j3iq13kHs5PB94jdTp3Y3,https://api.spotify.com/v1/audio-analysis/4j3iq13kHs5PB94jdTp3Y3,193700.0,4.0
79,80,Una Vez,Bad Bunny,9420,https://open.spotify.com/track/5J7teKIJGtqVypgYI6sqXj,0.55,0.598,11.0,-5.402,0.0,0.0831,0.132,2.58e-06,0.0955,0.5429999999999999,83.836,audio_features,5J7teKIJGtqVypgYI6sqXj,spotify:track:5J7teKIJGtqVypgYI6sqXj,https://api.spotify.com/v1/audio-analysis/5J7teKIJGtqVypgYI6sqXj,232496.0,4.0
80,81,PAM,Justin Quiles,9415,https://open.spotify.com/track/0eeKDrQxjqNl5bX5VCHDcn,0.889,0.863,11.0,-3.011,1.0,0.0757,0.289,0.000603,0.0798,0.7759999999999999,112.95299999999999,audio_features,0eeKDrQxjqNl5bX5VCHDcn,spotify:track:0eeKDrQxjqNl5bX5VCHDcn,https://api.spotify.com/v1/audio-analysis/0eeKDrQxjqNl5bX5VCHDcn,201000.0,4.0
81,82,China,Anuel AA,9391,https://open.spotify.com/track/0KkIkfsLEJbrcIhYsCL7L5,0.7859999999999999,0.8079999999999999,7.0,-3.702,1.0,0.0881,0.0846,0.00028900000000000003,0.0822,0.608,105.029,audio_features,0KkIkfsLEJbrcIhYsCL7L5,spotify:track:0KkIkfsLEJbrcIhYsCL7L5,https://api.spotify.com/v1/audio-analysis/0KkIkfsLEJbrcIhYsCL7L5,301714.0,4.0
82,83,CANCIÓN CON YANDEL,Yandel,9374,https://open.spotify.com/track/3pm4XtcsRIFFtH2UErk62R,0.75,0.741,9.0,-4.43,1.0,0.402,0.447,0.0,0.121,0.495,79.968,audio_features,3pm4XtcsRIFFtH2UErk62R,spotify:track:3pm4XtcsRIFFtH2UErk62R,https://api.spotify.com/v1/audio-analysis/3pm4XtcsRIFFtH2UErk62R,209180.0,4.0
83,84,Dance Monkey,Tones And I,9335,https://open.spotify.com/track/1rgnBhdG2JDFTbYkYRZAku,0.825,0.593,6.0,-6.401,0.0,0.0988,0.688,0.000161,0.17,0.54,98.07799999999999,audio_features,1rgnBhdG2JDFTbYkYRZAku,spotify:track:1rgnBhdG2JDFTbYkYRZAku,https://api.spotify.com/v1/audio-analysis/1rgnBhdG2JDFTbYkYRZAku,209755.0,4.0
84,85,PORFA,Feid,9234,https://open.spotify.com/track/4TOmcZvw0gHa7GiXRbcYAW,0.795,0.542,6.0,-8.106,0.0,0.193,0.0903,0.0,0.11699999999999999,0.55,167.82299999999998,audio_features,4TOmcZvw0gHa7GiXRbcYAW,spotify:track:4TOmcZvw0gHa7GiXRbcYAW,https://api.spotify.com/v1/audio-analysis/4TOmcZvw0gHa7GiXRbcYAW,232653.0,4.0
85,86,BICHOTA,KAROL G,9180,https://open.spotify.com/track/7vrJn5hDSXRmdXoR30KgF1,0.863,0.6659999999999999,1.0,-4.158,0.0,0.152,0.212,0.000493,0.10300000000000001,0.838,163.908,audio_features,7vrJn5hDSXRmdXoR30KgF1,spotify:track:7vrJn5hDSXRmdXoR30KgF1,https://api.spotify.com/v1/audio-analysis/7vrJn5hDSXRmdXoR30KgF1,178947.0,4.0
86,87,Adore You,Harry Styles,8947,https://open.spotify.com/track/3jjujdWJ72nww5eGnfs2E7,0.6759999999999999,0.7709999999999999,8.0,-3.675,1.0,0.0483,0.0237,7.000000000000001e-06,0.102,0.569,99.04799999999999,audio_features,3jjujdWJ72nww5eGnfs2E7,spotify:track:3jjujdWJ72nww5eGnfs2E7,https://api.spotify.com/v1/audio-analysis/3jjujdWJ72nww5eGnfs2E7,207133.0,4.0
87,88,Sigues Con El - Remix,Arcangel,8931,https://open.spotify.com/track/5HokHzcT1yQtsy7lLagEiA,,,,,,,,,,,,,,,,,
88,89,El Efecto,Rauw Alejandro,8713,https://open.spotify.com/track/4SJHHpKhcuXwDsCsPqshXj,0.8490000000000001,0.7809999999999999,0.0,-4.635,0.0,0.159,0.406,0.0,0.0801,0.893,84.041,audio_features,4SJHHpKhcuXwDsCsPqshXj,spotify:track:4SJHHpKhcuXwDsCsPqshXj,https://api.spotify.com/v1/audio-analysis/4SJHHpKhcuXwDsCsPqshXj,217143.0,4.0
89,90,Morado,J Balvin,8679,https://open.spotify.com/track/35KmOEIUqAGn02t7n4qaIr,0.885,0.68,11.0,-3.8369999999999997,0.0,0.0848,0.131,1.77e-05,0.0875,0.78,97.00299999999999,audio_features,35KmOEIUqAGn02t7n4qaIr,spotify:track:35KmOEIUqAGn02t7n4qaIr,https://api.spotify.com/v1/audio-analysis/35KmOEIUqAGn02t7n4qaIr,200267.0,4.0
90,91,La Mitad,Camilo,8675,https://open.spotify.com/track/63Zaf8Rci6eOUPqDQ4fUFx,0.7240000000000001,0.44299999999999995,7.0,-3.7430000000000003,1.0,0.0329,0.73,0.0,0.10099999999999999,0.763,97.194,audio_features,63Zaf8Rci6eOUPqDQ4fUFx,spotify:track:63Zaf8Rci6eOUPqDQ4fUFx,https://api.spotify.com/v1/audio-analysis/63Zaf8Rci6eOUPqDQ4fUFx,177791.0,4.0
91,92,Girl,Myke Towers,8544,https://open.spotify.com/track/43NqTeL8pgBxKHPMiJKUP5,0.733,0.708,6.0,-4.957,1.0,0.0937,0.0325,0.000327,0.324,0.6940000000000001,93.021,audio_features,43NqTeL8pgBxKHPMiJKUP5,spotify:track:43NqTeL8pgBxKHPMiJKUP5,https://api.spotify.com/v1/audio-analysis/43NqTeL8pgBxKHPMiJKUP5,186427.0,4.0
92,93,Amarillo,J Balvin,8522,https://open.spotify.com/track/6zEgnpM0qYmHLDnh8WPejL,0.6409999999999999,0.857,1.0,-5.725,0.0,0.301,0.013000000000000001,0.00534,0.0695,0.961,122.728,audio_features,6zEgnpM0qYmHLDnh8WPejL,spotify:track:6zEgnpM0qYmHLDnh8WPejL,https://api.spotify.com/v1/audio-analysis/6zEgnpM0qYmHLDnh8WPejL,157733.0,5.0
93,94,No Te Contaron Mal,Christian Nodal,8483,https://open.spotify.com/track/7hbk4BaF66O09R1gq0bKwj,0.644,0.568,9.0,-3.077,0.0,0.038,0.369,0.0,0.151,0.654,81.40899999999999,audio_features,7hbk4BaF66O09R1gq0bKwj,spotify:track:7hbk4BaF66O09R1gq0bKwj,https://api.spotify.com/v1/audio-analysis/7hbk4BaF66O09R1gq0bKwj,156520.0,4.0
94,95,Bichiyal,Bad Bunny,8230,https://open.spotify.com/track/4j4w4CXm6BSr0s25wAWrrX,0.737,0.7659999999999999,10.0,-4.242,0.0,0.0458,0.31,6.63e-06,0.114,0.662,93.956,audio_features,4j4w4CXm6BSr0s25wAWrrX,spotify:track:4j4w4CXm6BSr0s25wAWrrX,https://api.spotify.com/v1/audio-analysis/4j4w4CXm6BSr0s25wAWrrX,196500.0,4.0
95,96,Procura,ChiChi Peralta,8175,https://open.spotify.com/track/2q9udNV9NK0BL3q9p6TLxf,0.805,0.757,8.0,-7.46,1.0,0.0355,0.27899999999999997,0.000839,0.10099999999999999,0.973,102.14,audio_features,2q9udNV9NK0BL3q9p6TLxf,spotify:track:2q9udNV9NK0BL3q9p6TLxf,https://api.spotify.com/v1/audio-analysis/2q9udNV9NK0BL3q9p6TLxf,271031.0,4.0
96,97,Lovesick Girls,BLACKPINK,8113,https://open.spotify.com/track/4Ws314Ylb27BVsvlZOy30C,0.654,0.7070000000000001,6.0,-5.6610000000000005,1.0,0.0664,0.0055899999999999995,0.0,0.0873,0.44799999999999995,127.97,audio_features,4Ws314Ylb27BVsvlZOy30C,spotify:track:4Ws314Ylb27BVsvlZOy30C,https://api.spotify.com/v1/audio-analysis/4Ws314Ylb27BVsvlZOy30C,194765.0,4.0
97,98,Caraluna,Bacilos,7945,https://open.spotify.com/track/7DhYjNLksXZhbRQeheAums,0.76,0.773,9.0,-5.314,1.0,0.0675,0.17600000000000002,0.0,0.1,0.895,102.789,audio_features,7DhYjNLksXZhbRQeheAums,spotify:track:7DhYjNLksXZhbRQeheAums,https://api.spotify.com/v1/audio-analysis/7DhYjNLksXZhbRQeheAums,266160.0,4.0
98,99,El Mismo Aire - con Pablo Alborán,Camilo,7931,https://open.spotify.com/track/5EbtodsuLbxrFDH6j5avVS,0.483,0.49200000000000005,0.0,-6.591,0.0,0.295,0.603,0.0,0.32299999999999995,0.66,144.511,audio_features,5EbtodsuLbxrFDH6j5avVS,spotify:track:5EbtodsuLbxrFDH6j5avVS,https://api.spotify.com/v1/audio-analysis/5EbtodsuLbxrFDH6j5avVS,188213.0,4.0
99,100,La Incondicional,Luis Miguel,7917,https://open.spotify.com/track/6F9yAYUaNbUhdlQyt5uZ3b,0.374,0.727,10.0,-4.352,1.0,0.0309,0.237,0.0,0.134,0.28300000000000003,155.127,audio_features,6F9yAYUaNbUhdlQyt5uZ3b,spotify:track:6F9yAYUaNbUhdlQyt5uZ3b,https://api.spotify.com/v1/audio-analysis/6F9yAYUaNbUhdlQyt5uZ3b,257027.0,4.0
100,101,Enchule,Rauw Alejandro,7849,https://open.spotify.com/track/3ThrfRAmijYU098H9q9tAs,,,,,,,,,,,,,,,,,
101,102,La Mejor Versión de Mi - Remix,Natti Natasha,7726,https://open.spotify.com/track/2dy3TKVDEbIeWxeIb8JWqZ,0.735,0.7120000000000001,11.0,-5.119,0.0,0.0326,0.732,0.0,0.302,0.894,131.938,audio_features,2dy3TKVDEbIeWxeIb8JWqZ,spotify:track:2dy3TKVDEbIeWxeIb8JWqZ,https://api.spotify.com/v1/audio-analysis/2dy3TKVDEbIeWxeIb8JWqZ,229333.0,4.0
102,103,Me Dediqué a Perderte,Alejandro Fernández,7545,https://open.spotify.com/track/4NUt1fcnO9aQAELBgXq3Kr,0.642,0.442,8.0,-9.115,1.0,0.07400000000000001,0.491,1.58e-06,0.102,0.465,148.01,audio_features,4NUt1fcnO9aQAELBgXq3Kr,spotify:track:4NUt1fcnO9aQAELBgXq3Kr,https://api.spotify.com/v1/audio-analysis/4NUt1fcnO9aQAELBgXq3Kr,231773.0,4.0
103,104,BYE ME FUI,Bad Bunny,7472,https://open.spotify.com/track/0FktnzDqjClqU6iqOZVEs2,0.7120000000000001,0.599,5.0,-6.3420000000000005,0.0,0.11199999999999999,0.41200000000000003,2.15e-05,0.10300000000000001,0.588,179.78799999999998,audio_features,0FktnzDqjClqU6iqOZVEs2,spotify:track:0FktnzDqjClqU6iqOZVEs2,https://api.spotify.com/v1/audio-analysis/0FktnzDqjClqU6iqOZVEs2,178000.0,4.0
104,105,Amor Tóxico,Christian Nodal,7391,https://open.spotify.com/track/5LPlvbxA6bJQHvUW12Mr22,0.607,0.5479999999999999,2.0,-3.4530000000000003,1.0,0.0258,0.47100000000000003,0.0,0.195,0.8270000000000001,150.189,audio_features,5LPlvbxA6bJQHvUW12Mr22,spotify:track:5LPlvbxA6bJQHvUW12Mr22,https://api.spotify.com/v1/audio-analysis/5LPlvbxA6bJQHvUW12Mr22,130760.0,4.0
105,106,Reggaetonera,Anuel AA,7375,https://open.spotify.com/track/6yVkakCN460KOVol9ZazjH,0.6940000000000001,0.7959999999999999,6.0,-4.164,1.0,0.0565,0.48,0.000384,0.10800000000000001,0.515,93.064,audio_features,6yVkakCN460KOVol9ZazjH,spotify:track:6yVkakCN460KOVol9ZazjH,https://api.spotify.com/v1/audio-analysis/6yVkakCN460KOVol9ZazjH,212312.0,4.0
106,107,Adicto (with Anuel AA & Ozuna),Tainy,7358,https://open.spotify.com/track/3jbT1Y5MoPwEIpZndDDwVq,0.7340000000000001,0.836,10.0,-4.803,0.0,0.0735,0.017,1.64e-05,0.179,0.623,80.002,audio_features,3jbT1Y5MoPwEIpZndDDwVq,spotify:track:3jbT1Y5MoPwEIpZndDDwVq,https://api.spotify.com/v1/audio-analysis/3jbT1Y5MoPwEIpZndDDwVq,270741.0,4.0
107,108,Soltera - Remix,Lunay,7347,https://open.spotify.com/track/4t9a07PAghtQMRAIP9FQ7Z,0.795,0.7829999999999999,5.0,-4.271,1.0,0.0432,0.361,0.0,0.43700000000000006,0.799,92.01,audio_features,4t9a07PAghtQMRAIP9FQ7Z,spotify:track:4t9a07PAghtQMRAIP9FQ7Z,https://api.spotify.com/v1/audio-analysis/4t9a07PAghtQMRAIP9FQ7Z,266087.0,4.0
108,109,A Mí,Rels B,7334,https://open.spotify.com/track/7MmrcXVA7A5zZ2CbDuGHNa,0.846,0.5479999999999999,1.0,-6.397,1.0,0.256,0.24100000000000002,0.0713,0.0419,0.516,94.925,audio_features,7MmrcXVA7A5zZ2CbDuGHNa,spotify:track:7MmrcXVA7A5zZ2CbDuGHNa,https://api.spotify.com/v1/audio-analysis/7MmrcXVA7A5zZ2CbDuGHNa,209680.0,4.0
109,110,Anaranjado,Jowell & Randy,7262,https://open.spotify.com/track/0cRgJuB6TRtb5RZ2HkjSLh,0.763,0.58,8.0,-6.196000000000001,1.0,0.14400000000000002,0.0466,1.6e-05,0.154,0.608,175.937,audio_features,0cRgJuB6TRtb5RZ2HkjSLh,spotify:track:0cRgJuB6TRtb5RZ2HkjSLh,https://api.spotify.com/v1/audio-analysis/0cRgJuB6TRtb5RZ2HkjSLh,212011.0,4.0
110,111,Mood (feat. iann dior),24kGoldn,7210,https://open.spotify.com/track/3tjFYV6RSFtuktYl3ZtYcq,0.7,0.722,7.0,-3.5580000000000003,0.0,0.0369,0.221,0.0,0.272,0.7559999999999999,90.98899999999999,audio_features,3tjFYV6RSFtuktYl3ZtYcq,spotify:track:3tjFYV6RSFtuktYl3ZtYcq,https://api.spotify.com/v1/audio-analysis/3tjFYV6RSFtuktYl3ZtYcq,140526.0,4.0
111,112,Pretty Savage,BLACKPINK,7204,https://open.spotify.com/track/1XnpzbOGptRwfJhZgLbmSr,0.701,0.556,9.0,-7.42,0.0,0.0414,0.00886,0.000122,0.106,0.33299999999999996,152.045,audio_features,1XnpzbOGptRwfJhZgLbmSr,spotify:track:1XnpzbOGptRwfJhZgLbmSr,https://api.spotify.com/v1/audio-analysis/1XnpzbOGptRwfJhZgLbmSr,201122.0,4.0
112,113,Nace Un Borracho,Christian Nodal,7167,https://open.spotify.com/track/6SnO4yCCYtz2rffMpEAlro,0.626,0.47,0.0,-2.984,1.0,0.0316,0.522,0.0,0.201,0.825,140.046,audio_features,6SnO4yCCYtz2rffMpEAlro,spotify:track:6SnO4yCCYtz2rffMpEAlro,https://api.spotify.com/v1/audio-analysis/6SnO4yCCYtz2rffMpEAlro,176347.0,3.0
113,114,Someone You Loved,Lewis Capaldi,7130,https://open.spotify.com/track/7qEHsqek33rTcFNT9PFqLf,0.501,0.405,1.0,-5.678999999999999,1.0,0.0319,0.7509999999999999,0.0,0.105,0.446,109.891,audio_features,7qEHsqek33rTcFNT9PFqLf,spotify:track:7qEHsqek33rTcFNT9PFqLf,https://api.spotify.com/v1/audio-analysis/7qEHsqek33rTcFNT9PFqLf,182161.0,4.0
114,115,Infeliz,Arcangel,7124,https://open.spotify.com/track/4z6wo6PJG4Fve45OXK6D9m,0.713,0.7979999999999999,1.0,-3.147,1.0,0.21899999999999997,0.366,4.2999999999999995e-06,0.24600000000000002,0.721,176.07299999999998,audio_features,4z6wo6PJG4Fve45OXK6D9m,spotify:track:4z6wo6PJG4Fve45OXK6D9m,https://api.spotify.com/v1/audio-analysis/4z6wo6PJG4Fve45OXK6D9m,221103.0,4.0
115,116,Pa Mí - Remix,Dalex,7088,https://open.spotify.com/track/7g8YaUQABMal0zWe7a2ijz,0.688,0.62,11.0,-8.029,0.0,0.22,0.753,5.32e-06,0.157,0.727,170.011,audio_features,7g8YaUQABMal0zWe7a2ijz,spotify:track:7g8YaUQABMal0zWe7a2ijz,https://api.spotify.com/v1/audio-analysis/7g8YaUQABMal0zWe7a2ijz,360960.0,4.0
116,117,Me Rehúso,Danny Ocean,6911,https://open.spotify.com/track/6ifUES3keWjwXgae8pXI3o,0.7440000000000001,0.804,1.0,-6.327000000000001,1.0,0.0677,0.0231,0.0,0.0494,0.426,104.823,audio_features,6ifUES3keWjwXgae8pXI3o,spotify:track:6ifUES3keWjwXgae8pXI3o,https://api.spotify.com/v1/audio-analysis/6ifUES3keWjwXgae8pXI3o,205715.0,4.0
117,118,Jerusalema (feat. Nomcebo Zikode),Master KG,6864,https://open.spotify.com/track/2MlOUXmcofMackX3bxfSwi,0.88,0.483,1.0,-7.0120000000000005,1.0,0.0505,0.0185,8.68e-06,0.0607,0.8270000000000001,124.009,audio_features,2MlOUXmcofMackX3bxfSwi,spotify:track:2MlOUXmcofMackX3bxfSwi,https://api.spotify.com/v1/audio-analysis/2MlOUXmcofMackX3bxfSwi,342613.0,4.0
118,119,RITMO (Bad Boys For Life),Black Eyed Peas,6817,https://open.spotify.com/track/4NCsrTzgVfsDo8nWyP8PPc,0.723,0.7040000000000001,10.0,-7.087999999999999,0.0,0.0571,0.0259,0.00109,0.792,0.684,105.095,audio_features,4NCsrTzgVfsDo8nWyP8PPc,spotify:track:4NCsrTzgVfsDo8nWyP8PPc,https://api.spotify.com/v1/audio-analysis/4NCsrTzgVfsDo8nWyP8PPc,214935.0,4.0
119,120,Los Besos,Greeicy,6760,https://open.spotify.com/track/6QSu3mgC8kUYtEDoBBQcJG,0.503,0.762,11.0,-4.263,1.0,0.298,0.0756,9.84e-06,0.0919,0.598,167.93599999999998,audio_features,6QSu3mgC8kUYtEDoBBQcJG,spotify:track:6QSu3mgC8kUYtEDoBBQcJG,https://api.spotify.com/v1/audio-analysis/6QSu3mgC8kUYtEDoBBQcJG,202733.0,4.0
120,121,Tú,Carin Leon,6698,https://open.spotify.com/track/1nLs8r6K4YN0avBwUmmTnr,0.669,0.47600000000000003,9.0,-6.635,0.0,0.0395,0.382,9.85e-06,0.21,0.905,143.826,audio_features,1nLs8r6K4YN0avBwUmmTnr,spotify:track:1nLs8r6K4YN0avBwUmmTnr,https://api.spotify.com/v1/audio-analysis/1nLs8r6K4YN0avBwUmmTnr,246132.0,4.0
121,122,Amantes y Amigos,Arcangel,6692,https://open.spotify.com/track/3yoDVeVWIPSuH1IolXKA0X,0.6970000000000001,0.713,5.0,-4.09,1.0,0.153,0.36700000000000005,0.0,0.10099999999999999,0.47600000000000003,171.84400000000002,audio_features,3yoDVeVWIPSuH1IolXKA0X,spotify:track:3yoDVeVWIPSuH1IolXKA0X,https://api.spotify.com/v1/audio-analysis/3yoDVeVWIPSuH1IolXKA0X,182627.0,4.0
122,123,Ahora Te Puedes Marchar,Luis Miguel,6667,https://open.spotify.com/track/1uKjQoh8JZj9ryuYRhpd7E,0.78,0.877,6.0,-3.6830000000000003,0.0,0.0427,0.14800000000000002,2.36e-06,0.0627,0.909,133.263,audio_features,1uKjQoh8JZj9ryuYRhpd7E,spotify:track:1uKjQoh8JZj9ryuYRhpd7E,https://api.spotify.com/v1/audio-analysis/1uKjQoh8JZj9ryuYRhpd7E,191973.0,4.0
123,124,"PORFA Remix ( Feat. Maluma, Nicky Jam, Sech) - Remix",Feid,6655,https://open.spotify.com/track/7lUdbnz7wsv3C9zzf4WHl9,0.7929999999999999,0.737,6.0,-4.731,0.0,0.0785,0.0765,0.0,0.0747,0.6970000000000001,167.96900000000002,audio_features,7lUdbnz7wsv3C9zzf4WHl9,spotify:track:7lUdbnz7wsv3C9zzf4WHl9,https://api.spotify.com/v1/audio-analysis/7lUdbnz7wsv3C9zzf4WHl9,333800.0,4.0
124,125,QUE PRETENDES,J Balvin,6646,https://open.spotify.com/track/25ZAibhr3bdlMCLmubZDVt,0.639,0.7909999999999999,10.0,-4.4430000000000005,0.0,0.253,0.0275,0.0,0.36200000000000004,0.9390000000000001,92.603,audio_features,25ZAibhr3bdlMCLmubZDVt,spotify:track:25ZAibhr3bdlMCLmubZDVt,https://api.spotify.com/v1/audio-analysis/25ZAibhr3bdlMCLmubZDVt,222347.0,4.0
125,126,Amor del Bueno,Reyli Barba,6612,https://open.spotify.com/track/2G74yhtIMW8tJY5I83dS4Z,0.77,0.373,1.0,-6.931,1.0,0.0328,0.317,0.0,0.217,0.293,131.975,audio_features,2G74yhtIMW8tJY5I83dS4Z,spotify:track:2G74yhtIMW8tJY5I83dS4Z,https://api.spotify.com/v1/audio-analysis/2G74yhtIMW8tJY5I83dS4Z,242027.0,4.0
126,127,POPSTAR (feat. Drake),DJ Khaled,6592,https://open.spotify.com/track/6EDO9iiTtwNv6waLwa1UUq,0.8,0.56,5.0,-4.8180000000000005,0.0,0.261,0.057,0.0,0.134,0.45,163.071,audio_features,6EDO9iiTtwNv6waLwa1UUq,spotify:track:6EDO9iiTtwNv6waLwa1UUq,https://api.spotify.com/v1/audio-analysis/6EDO9iiTtwNv6waLwa1UUq,200221.0,4.0
127,128,11 PM,Maluma,6524,https://open.spotify.com/track/7KbF6AdprOXEEHlsq11Z6d,0.777,0.7120000000000001,10.0,-4.84,1.0,0.27699999999999997,0.217,0.0,0.091,0.68,95.69200000000001,audio_features,7KbF6AdprOXEEHlsq11Z6d,spotify:track:7KbF6AdprOXEEHlsq11Z6d,https://api.spotify.com/v1/audio-analysis/7KbF6AdprOXEEHlsq11Z6d,175733.0,4.0
128,129,Otra Noche en Miami,Bad Bunny,6519,https://open.spotify.com/track/4vCAzANUWDE24URV6wQ4ra,0.514,0.6459999999999999,1.0,-8.833,1.0,0.275,0.19699999999999998,2.3e-05,0.0958,0.297,88.661,audio_features,4vCAzANUWDE24URV6wQ4ra,spotify:track:4vCAzANUWDE24URV6wQ4ra,https://api.spotify.com/v1/audio-analysis/4vCAzANUWDE24URV6wQ4ra,233128.0,4.0
129,130,Heather,Conan Gray,6492,https://open.spotify.com/track/4xqrdfXkTW4T0RauPLv3WA,0.35700000000000004,0.425,5.0,-7.301,1.0,0.0333,0.584,0.0,0.322,0.27,102.07799999999999,audio_features,4xqrdfXkTW4T0RauPLv3WA,spotify:track:4xqrdfXkTW4T0RauPLv3WA,https://api.spotify.com/v1/audio-analysis/4xqrdfXkTW4T0RauPLv3WA,198040.0,3.0
130,131,Toda Remix - Remix,Alex Rose,6469,https://open.spotify.com/track/47ZS1OjnJpJVfGN9yHXfMn,0.512,0.451,5.0,-7.222,0.0,0.131,0.161,0.0,0.0672,0.368,80.04,audio_features,47ZS1OjnJpJVfGN9yHXfMn,spotify:track:47ZS1OjnJpJVfGN9yHXfMn,https://api.spotify.com/v1/audio-analysis/47ZS1OjnJpJVfGN9yHXfMn,367680.0,4.0
131,132,Bellaquita - Remix,Dalex,6398,https://open.spotify.com/track/4GGwM2Krtlx9G9ii1RaEOx,0.795,0.715,1.0,-3.583,1.0,0.0836,0.142,1.9e-06,0.179,0.7509999999999999,165.95,audio_features,4GGwM2Krtlx9G9ii1RaEOx,spotify:track:4GGwM2Krtlx9G9ii1RaEOx,https://api.spotify.com/v1/audio-analysis/4GGwM2Krtlx9G9ii1RaEOx,304733.0,4.0
132,133,Señorita,Shawn Mendes,6390,https://open.spotify.com/track/6v3KW9xbzN5yKLt9YKDYA2,0.759,0.5479999999999999,9.0,-6.0489999999999995,0.0,0.028999999999999998,0.0392,0.0,0.0828,0.7490000000000001,116.96700000000001,audio_features,6v3KW9xbzN5yKLt9YKDYA2,spotify:track:6v3KW9xbzN5yKLt9YKDYA2,https://api.spotify.com/v1/audio-analysis/6v3KW9xbzN5yKLt9YKDYA2,190800.0,4.0
133,134,Loco,Beéle,6375,https://open.spotify.com/track/2J9B63FawlTaPdg4eH5X03,0.82,0.565,6.0,-5.965,1.0,0.17,0.158,2.45e-05,0.0469,0.773,105.11,audio_features,2J9B63FawlTaPdg4eH5X03,spotify:track:2J9B63FawlTaPdg4eH5X03,https://api.spotify.com/v1/audio-analysis/2J9B63FawlTaPdg4eH5X03,204000.0,4.0
134,135,Ya Me Enteré,Reik,6296,https://open.spotify.com/track/0lPXFrKyl8HkdQ2E6NmNja,0.619,0.452,9.0,-5.449,1.0,0.027999999999999997,0.502,0.0,0.122,0.174,131.981,audio_features,0lPXFrKyl8HkdQ2E6NmNja,spotify:track:0lPXFrKyl8HkdQ2E6NmNja,https://api.spotify.com/v1/audio-analysis/0lPXFrKyl8HkdQ2E6NmNja,204173.0,4.0
135,136,Believer,Imagine Dragons,6270,https://open.spotify.com/track/0pqnGHJpmpxLKifKRmU6WP,0.7759999999999999,0.78,10.0,-4.374,0.0,0.128,0.0622,0.0,0.081,0.6659999999999999,124.949,audio_features,0pqnGHJpmpxLKifKRmU6WP,spotify:track:0pqnGHJpmpxLKifKRmU6WP,https://api.spotify.com/v1/audio-analysis/0pqnGHJpmpxLKifKRmU6WP,204347.0,4.0
136,137,Sunflower - Spider-Man: Into the Spider-Verse,Post Malone,6255,https://open.spotify.com/track/0RiRZpuVRbi7oqRdSMwhQY,,,,,,,,,,,,,,,,,
137,138,Lamento Boliviano,Los Enanitos Verdes,6200,https://open.spotify.com/track/6Pur3hWy6Nzc27ilmsp5HA,0.7140000000000001,0.735,4.0,-7.125,0.0,0.0306,0.17600000000000002,0.0006219999999999999,0.115,0.68,123.57,audio_features,6Pur3hWy6Nzc27ilmsp5HA,spotify:track:6Pur3hWy6Nzc27ilmsp5HA,https://api.spotify.com/v1/audio-analysis/6Pur3hWy6Nzc27ilmsp5HA,222227.0,4.0
138,139,Yo Perreo Sola - Remix,Bad Bunny,6190,https://open.spotify.com/track/2cpteAYHcd4cjSxAeCkA52,0.845,0.733,11.0,-6.037000000000001,1.0,0.0581,0.0147,1.57e-05,0.35700000000000004,0.39399999999999996,97.01,audio_features,2cpteAYHcd4cjSxAeCkA52,spotify:track:2cpteAYHcd4cjSxAeCkA52,https://api.spotify.com/v1/audio-analysis/2cpteAYHcd4cjSxAeCkA52,174028.0,4.0
139,140,AYAYAY!,Christian Nodal,6189,https://open.spotify.com/track/7iQc2DabEtzp60faOO9EmN,0.6679999999999999,0.636,2.0,-3.8160000000000003,1.0,0.0301,0.479,0.0,0.141,0.736,147.88299999999998,audio_features,7iQc2DabEtzp60faOO9EmN,spotify:track:7iQc2DabEtzp60faOO9EmN,https://api.spotify.com/v1/audio-analysis/7iQc2DabEtzp60faOO9EmN,131240.0,4.0
140,141,Colgando en tus manos (con Marta Sánchez),Carlos Baute,6188,https://open.spotify.com/track/3UI9I3e1g1y5T3SMfdgfGO,0.836,0.637,6.0,-4.803,1.0,0.0367,0.535,0.0,0.129,0.875,120.025,audio_features,3UI9I3e1g1y5T3SMfdgfGO,spotify:track:3UI9I3e1g1y5T3SMfdgfGO,https://api.spotify.com/v1/audio-analysis/3UI9I3e1g1y5T3SMfdgfGO,230280.0,4.0
141,142,Me La Avente,Carin Leon,6178,https://open.spotify.com/track/2QwMXe5zbqymDZGYsMDVqZ,0.723,0.48,11.0,-4.1,0.0,0.0326,0.557,0.0,0.0705,0.909,144.533,audio_features,2QwMXe5zbqymDZGYsMDVqZ,spotify:track:2QwMXe5zbqymDZGYsMDVqZ,https://api.spotify.com/v1/audio-analysis/2QwMXe5zbqymDZGYsMDVqZ,155803.0,3.0
142,143,Tú de Qué Vas,Franco De Vita,6148,https://open.spotify.com/track/66iygyOSvvoQQsKJ1vEXfT,0.607,0.629,11.0,-5.931,1.0,0.0316,0.405,0.0,0.203,0.5670000000000001,80.11,audio_features,66iygyOSvvoQQsKJ1vEXfT,spotify:track:66iygyOSvvoQQsKJ1vEXfT,https://api.spotify.com/v1/audio-analysis/66iygyOSvvoQQsKJ1vEXfT,238160.0,4.0
143,144,Mi Regalo Mas Bonito,La Ross Maria,6138,https://open.spotify.com/track/3JgGutjAwNXGAxcXaqVgWe,0.669,0.524,8.0,-7.925,0.0,0.345,0.711,0.0,0.223,0.672,91.36,audio_features,3JgGutjAwNXGAxcXaqVgWe,spotify:track:3JgGutjAwNXGAxcXaqVgWe,https://api.spotify.com/v1/audio-analysis/3JgGutjAwNXGAxcXaqVgWe,151467.0,4.0
144,145,death bed (coffee for your head),Powfu,6129,https://open.spotify.com/track/7eJMfftS33KTjuF7lTsMCx,0.726,0.431,8.0,-8.765,0.0,0.135,0.731,0.0,0.696,0.348,144.026,audio_features,7eJMfftS33KTjuF7lTsMCx,spotify:track:7eJMfftS33KTjuF7lTsMCx,https://api.spotify.com/v1/audio-analysis/7eJMfftS33KTjuF7lTsMCx,173333.0,4.0
145,146,UN PESO,J Balvin,6075,https://open.spotify.com/track/7hynhxDoDpgMIV12JuVtNa,0.627,0.675,5.0,-7.125,0.0,0.213,0.125,0.0,0.0784,0.961,79.31,audio_features,7hynhxDoDpgMIV12JuVtNa,spotify:track:7hynhxDoDpgMIV12JuVtNa,https://api.spotify.com/v1/audio-analysis/7hynhxDoDpgMIV12JuVtNa,277107.0,4.0
146,147,Si Se Da - Remix,Myke Towers,6068,https://open.spotify.com/track/6K5BsR04ijf3FHNzjbaagD,0.8170000000000001,0.672,11.0,-5.612,0.0,0.299,0.441,0.0,0.13,0.774,93.999,audio_features,6K5BsR04ijf3FHNzjbaagD,spotify:track:6K5BsR04ijf3FHNzjbaagD,https://api.spotify.com/v1/audio-analysis/6K5BsR04ijf3FHNzjbaagD,332240.0,4.0
147,148,No Bailes Sola,Danna Paola,6048,https://open.spotify.com/track/1GNSWpe2SB30zYGbNTD96b,,,,,,,,,,,,,,,,,
148,149,Pero Ya No,Bad Bunny,5997,https://open.spotify.com/track/75pQqzwgCjUOSSy5CpmAjy,0.882,0.612,4.0,-6.103,1.0,0.11800000000000001,0.0475,5.07e-06,0.182,0.742,147.982,audio_features,75pQqzwgCjUOSSy5CpmAjy,spotify:track:75pQqzwgCjUOSSy5CpmAjy,https://api.spotify.com/v1/audio-analysis/75pQqzwgCjUOSSy5CpmAjy,160638.0,4.0
149,150,Roses - Imanbek Remix,SAINt JHN,5954,https://open.spotify.com/track/2Wo6QQD1KMDWeFkkjLqwx5,,,,,,,,,,,,,,,,,
150,151,Soliá,Bad Bunny,5918,https://open.spotify.com/track/7sOfmPd18RWp3FoCzpa7Kw,0.71,0.81,2.0,-5.507000000000001,1.0,0.0854,0.11699999999999999,0.000132,0.154,0.184,92.041,audio_features,7sOfmPd18RWp3FoCzpa7Kw,spotify:track:7sOfmPd18RWp3FoCzpa7Kw,https://api.spotify.com/v1/audio-analysis/7sOfmPd18RWp3FoCzpa7Kw,159282.0,4.0
151,152,Desconocidos,Mau y Ricky,5889,https://open.spotify.com/track/56f5qnyAlZdlz8wrUDA50h,0.7190000000000001,0.753,7.0,-4.891,1.0,0.179,0.11800000000000001,4.21e-06,0.212,0.675,174.107,audio_features,56f5qnyAlZdlz8wrUDA50h,spotify:track:56f5qnyAlZdlz8wrUDA50h,https://api.spotify.com/v1/audio-analysis/56f5qnyAlZdlz8wrUDA50h,204564.0,4.0
152,153,Medusa,Jhay Cortez,5862,https://open.spotify.com/track/3qM0vBxIe4VUbK0Z0smuVP,0.8859999999999999,0.604,0.0,-7.292999999999999,1.0,0.20800000000000002,0.19399999999999998,3.15e-06,0.107,0.38299999999999995,98.023,audio_features,3qM0vBxIe4VUbK0Z0smuVP,spotify:track:3qM0vBxIe4VUbK0Z0smuVP,https://api.spotify.com/v1/audio-analysis/3qM0vBxIe4VUbK0Z0smuVP,305333.0,4.0
153,154,La Tóxica (feat. Jay Wheeler & Tempo) - Remix,Farruko,5860,https://open.spotify.com/track/4gChz67rTHfVzKCZAHsifM,0.727,0.6920000000000001,9.0,-3.25,1.0,0.10400000000000001,0.102,1.07e-06,0.0562,0.604,92.01899999999999,audio_features,4gChz67rTHfVzKCZAHsifM,spotify:track:4gChz67rTHfVzKCZAHsifM,https://api.spotify.com/v1/audio-analysis/4gChz67rTHfVzKCZAHsifM,294240.0,4.0
154,155,Someone Like You,Adele,5833,https://open.spotify.com/track/4kflIGfjdZJW4ot2ioixTB,0.5589999999999999,0.33,9.0,-8.251,1.0,0.0285,0.892,0.0,0.0975,0.285,135.109,audio_features,4kflIGfjdZJW4ot2ioixTB,spotify:track:4kflIGfjdZJW4ot2ioixTB,https://api.spotify.com/v1/audio-analysis/4kflIGfjdZJW4ot2ioixTB,285040.0,4.0
155,156,Break My Heart,Dua Lipa,5777,https://open.spotify.com/track/017PF4Q3l4DBUiWoXk4OWT,0.73,0.7290000000000001,4.0,-3.4339999999999997,0.0,0.0883,0.16699999999999998,1.39e-06,0.349,0.467,113.01299999999999,audio_features,017PF4Q3l4DBUiWoXk4OWT,spotify:track:017PF4Q3l4DBUiWoXk4OWT,https://api.spotify.com/v1/audio-analysis/017PF4Q3l4DBUiWoXk4OWT,221820.0,4.0
156,157,Seguro Te Pierdo,Sergi,5771,https://open.spotify.com/track/09z12iI8PMeFdltykewNpt,,,,,,,,,,,,,,,,,
157,158,La player (Bandolera),Zion & Lennox,5705,https://open.spotify.com/track/0VKkyBKCXyR99navhVRqcP,0.769,0.838,2.0,-5.2379999999999995,1.0,0.0633,0.16,0.0,0.0935,0.602,93.99600000000001,audio_features,0VKkyBKCXyR99navhVRqcP,spotify:track:0VKkyBKCXyR99navhVRqcP,https://api.spotify.com/v1/audio-analysis/0VKkyBKCXyR99navhVRqcP,249609.0,4.0
158,159,Loco - Remix,Farruko,5679,https://open.spotify.com/track/6nGM44ZP7vSo0istUW2MOq,0.9079999999999999,0.529,6.0,-7.032,1.0,0.135,0.157,0.00014199999999999998,0.0634,0.743,105.021,audio_features,6nGM44ZP7vSo0istUW2MOq,spotify:track:6nGM44ZP7vSo0istUW2MOq,https://api.spotify.com/v1/audio-analysis/6nGM44ZP7vSo0istUW2MOq,248500.0,4.0
159,160,MIA (feat. Drake),Bad Bunny,5672,https://open.spotify.com/track/116H0KvKr2Zl4RPuVBruDO,0.8170000000000001,0.539,6.0,-6.349,0.0,0.0621,0.0141,0.000496,0.099,0.158,97.06200000000001,audio_features,116H0KvKr2Zl4RPuVBruDO,spotify:track:116H0KvKr2Zl4RPuVBruDO,https://api.spotify.com/v1/audio-analysis/116H0KvKr2Zl4RPuVBruDO,210368.0,4.0
160,161,Fuiste Tú (feat. Gaby Moreno),Ricardo Arjona,5670,https://open.spotify.com/track/29csiYMOfBmLmGwxmISrMy,0.591,0.672,5.0,-3.515,1.0,0.0375,0.622,0.0,0.11199999999999999,0.267,139.939,audio_features,29csiYMOfBmLmGwxmISrMy,spotify:track:29csiYMOfBmLmGwxmISrMy,https://api.spotify.com/v1/audio-analysis/29csiYMOfBmLmGwxmISrMy,265307.0,4.0
161,162,Toosie Slide,Drake,5613,https://open.spotify.com/track/466cKvZn1j45IpxDdYZqdA,0.83,0.49,1.0,-8.82,0.0,0.209,0.289,3.04e-06,0.113,0.845,81.604,audio_features,466cKvZn1j45IpxDdYZqdA,spotify:track:466cKvZn1j45IpxDdYZqdA,https://api.spotify.com/v1/audio-analysis/466cKvZn1j45IpxDdYZqdA,247059.0,4.0
162,163,Golden,Harry Styles,5593,https://open.spotify.com/track/45S5WTQEGOB1VHr1Q4FuPl,0.44799999999999995,0.838,4.0,-5.257000000000001,0.0,0.0557,0.21,0.000131,0.131,0.254,139.863,audio_features,45S5WTQEGOB1VHr1Q4FuPl,spotify:track:45S5WTQEGOB1VHr1Q4FuPl,https://api.spotify.com/v1/audio-analysis/45S5WTQEGOB1VHr1Q4FuPl,208907.0,4.0
163,164,Te Mando Flores,Fonseca,5591,https://open.spotify.com/track/2in1gSZtv2lRbcZUmN9aAl,,,,,,,,,,,,,,,,,
164,165,Ella Y Yo - Featuring Don Omar,Aventura,5575,https://open.spotify.com/track/6G4U9avyBNEfP0fAIduev3,0.732,0.708,9.0,-7.905,0.0,0.262,0.534,0.0,0.237,0.7170000000000001,175.924,audio_features,6G4U9avyBNEfP0fAIduev3,spotify:track:6G4U9avyBNEfP0fAIduev3,https://api.spotify.com/v1/audio-analysis/6G4U9avyBNEfP0fAIduev3,267787.0,4.0
165,166,Dile,Don Omar,5566,https://open.spotify.com/track/69Ej1xrGjOcHvIMtMKxK0G,0.8170000000000001,0.7140000000000001,4.0,-7.501,0.0,0.141,0.184,0.000132,0.042,0.7140000000000001,94.001,audio_features,69Ej1xrGjOcHvIMtMKxK0G,spotify:track:69Ej1xrGjOcHvIMtMKxK0G,https://api.spotify.com/v1/audio-analysis/69Ej1xrGjOcHvIMtMKxK0G,204600.0,4.0
166,167,Sobredosis (feat. Ozuna),Romeo Santos,5529,https://open.spotify.com/track/1WbXIpiGBJkCiv3hn40iPB,0.759,0.639,4.0,-8.085,0.0,0.0511,0.207,0.0,0.23,0.682,128.01,audio_features,1WbXIpiGBJkCiv3hn40iPB,spotify:track:1WbXIpiGBJkCiv3hn40iPB,https://api.spotify.com/v1/audio-analysis/1WbXIpiGBJkCiv3hn40iPB,198332.0,4.0
167,168,Savage Love (Laxed – Siren Beat) [BTS Remix],Jawsh 685,5506,https://open.spotify.com/track/4TgxFMOn5yoESW6zCidCXL,0.758,0.598,0.0,-5.695,0.0,0.0868,0.16,0.0,0.295,0.6579999999999999,149.836,audio_features,4TgxFMOn5yoESW6zCidCXL,spotify:track:4TgxFMOn5yoESW6zCidCXL,https://api.spotify.com/v1/audio-analysis/4TgxFMOn5yoESW6zCidCXL,184905.0,4.0
168,169,Fuentes de Ortiz,Ed Maverick,5483,https://open.spotify.com/track/0akyEssGRVHstqCSWXusJL,0.83,0.159,1.0,-14.460999999999999,1.0,0.0383,0.946,2.02e-05,0.36200000000000004,0.18899999999999997,104.95,audio_features,0akyEssGRVHstqCSWXusJL,spotify:track:0akyEssGRVHstqCSWXusJL,https://api.spotify.com/v1/audio-analysis/0akyEssGRVHstqCSWXusJL,207400.0,4.0
169,170,PA' ROMPERLA,Bad Bunny,5482,https://open.spotify.com/track/5XqCz18k96K8tx6DAYM97i,0.772,0.83,7.0,-5.019,1.0,0.0599,0.016,0.0,0.0843,0.6970000000000001,94.01100000000001,audio_features,5XqCz18k96K8tx6DAYM97i,spotify:track:5XqCz18k96K8tx6DAYM97i,https://api.spotify.com/v1/audio-analysis/5XqCz18k96K8tx6DAYM97i,194200.0,4.0
170,171,Amor A Primera Vista,Los Ángeles Azules,5471,https://open.spotify.com/track/5Myb8S90Wg0yLec5kmrIGJ,0.6779999999999999,0.821,0.0,-6.017,1.0,0.0672,0.228,4.79e-05,0.147,0.96,170.16400000000002,audio_features,5Myb8S90Wg0yLec5kmrIGJ,spotify:track:5Myb8S90Wg0yLec5kmrIGJ,https://api.spotify.com/v1/audio-analysis/5Myb8S90Wg0yLec5kmrIGJ,221347.0,4.0
171,172,Que Tire Pa Lante,Daddy Yankee,5423,https://open.spotify.com/track/6RyaV7owmVU6fzEPE17sF1,0.6579999999999999,0.9009999999999999,7.0,-2.8139999999999996,1.0,0.0357,0.0478,0.0,0.12,0.708,93.979,audio_features,6RyaV7owmVU6fzEPE17sF1,spotify:track:6RyaV7owmVU6fzEPE17sF1,https://api.spotify.com/v1/audio-analysis/6RyaV7owmVU6fzEPE17sF1,210520.0,4.0
172,173,Dreams - 2004 Remaster,Fleetwood Mac,5384,https://open.spotify.com/track/0ofHAoxe9vBkTCp2UQIavz,0.828,0.49200000000000005,0.0,-9.744,1.0,0.0276,0.0644,0.00428,0.128,0.789,120.15100000000001,audio_features,0ofHAoxe9vBkTCp2UQIavz,spotify:track:0ofHAoxe9vBkTCp2UQIavz,https://api.spotify.com/v1/audio-analysis/0ofHAoxe9vBkTCp2UQIavz,257800.0,4.0
173,174,Rosas,La Oreja de Van Gogh,5349,https://open.spotify.com/track/4waqcUQWdj0yH26STWl2Rq,0.7829999999999999,0.685,9.0,-5.008,1.0,0.0271,0.627,3.49e-06,0.10800000000000001,0.54,107.01,audio_features,4waqcUQWdj0yH26STWl2Rq,spotify:track:4waqcUQWdj0yH26STWl2Rq,https://api.spotify.com/v1/audio-analysis/4waqcUQWdj0yH26STWl2Rq,236333.0,4.0
174,175,Adiós Amor,Christian Nodal,5334,https://open.spotify.com/track/63bmZnBN1CiJ9sA4qTEe8y,0.433,0.431,2.0,-6.422000000000001,1.0,0.0367,0.16899999999999998,0.0,0.307,0.722,177.732,audio_features,63bmZnBN1CiJ9sA4qTEe8y,spotify:track:63bmZnBN1CiJ9sA4qTEe8y,https://api.spotify.com/v1/audio-analysis/63bmZnBN1CiJ9sA4qTEe8y,199320.0,4.0
175,176,Circles,Post Malone,5329,https://open.spotify.com/track/21jGcNKet2qwijlDFuPiPb,0.695,0.762,0.0,-3.497,1.0,0.0395,0.192,0.00244,0.0863,0.5529999999999999,120.042,audio_features,21jGcNKet2qwijlDFuPiPb,spotify:track:21jGcNKet2qwijlDFuPiPb,https://api.spotify.com/v1/audio-analysis/21jGcNKet2qwijlDFuPiPb,215280.0,4.0
176,177,Todavia,La Factoria,5318,https://open.spotify.com/track/5wPhERt9izm1T45aFXDWPe,0.785,0.9009999999999999,7.0,-3.205,0.0,0.0553,0.0867,0.000271,0.0903,0.6,113.289,audio_features,5wPhERt9izm1T45aFXDWPe,spotify:track:5wPhERt9izm1T45aFXDWPe,https://api.spotify.com/v1/audio-analysis/5wPhERt9izm1T45aFXDWPe,203333.0,4.0
177,178,Laugh Now Cry Later (feat. Lil Durk),Drake,5294,https://open.spotify.com/track/2SAqBLGA283SUiwJ3xOUVI,0.7609999999999999,0.518,0.0,-8.871,1.0,0.134,0.244,3.47e-05,0.107,0.522,133.976,audio_features,2SAqBLGA283SUiwJ3xOUVI,spotify:track:2SAqBLGA283SUiwJ3xOUVI,https://api.spotify.com/v1/audio-analysis/2SAqBLGA283SUiwJ3xOUVI,261493.0,4.0
178,179,Dembow 2020,Yandel,5293,https://open.spotify.com/track/0j1VxrPkMyFGvz0jZzxUoZ,0.7859999999999999,0.8109999999999999,8.0,-4.31,1.0,0.0836,0.122,3.99e-06,0.161,0.731,92.95299999999999,audio_features,0j1VxrPkMyFGvz0jZzxUoZ,spotify:track:0j1VxrPkMyFGvz0jZzxUoZ,https://api.spotify.com/v1/audio-analysis/0j1VxrPkMyFGvz0jZzxUoZ,168052.0,4.0
179,180,Un Año,Sebastian Yatra,5288,https://open.spotify.com/track/2vrpcQNg6itmgVZWsNjWe0,0.773,0.37799999999999995,1.0,-7.062,0.0,0.0531,0.14,0.0,0.133,0.513,94.946,audio_features,2vrpcQNg6itmgVZWsNjWe0,spotify:track:2vrpcQNg6itmgVZWsNjWe0,https://api.spotify.com/v1/audio-analysis/2vrpcQNg6itmgVZWsNjWe0,163813.0,4.0
180,181,Perdóname,La Factoria,5251,https://open.spotify.com/track/0I0o9LdUckzfXcxjWy1vlo,0.6659999999999999,0.8170000000000001,9.0,-5.754,0.0,0.0369,0.237,0.0,0.266,0.37799999999999995,94.99700000000001,audio_features,0I0o9LdUckzfXcxjWy1vlo,spotify:track:0I0o9LdUckzfXcxjWy1vlo,https://api.spotify.com/v1/audio-analysis/0I0o9LdUckzfXcxjWy1vlo,242480.0,4.0
181,182,"DJ No Pare (feat. Zion, Dalex, Lenny Tavárez) - Remix",Justin Quiles,5178,https://open.spotify.com/track/1ndyl3wJCFs872XZ3ztPk6,0.743,0.7090000000000001,3.0,-3.9219999999999997,0.0,0.0879,0.0451,5.18e-06,0.0809,0.831,170.00099999999998,audio_features,1ndyl3wJCFs872XZ3ztPk6,spotify:track:1ndyl3wJCFs872XZ3ztPk6,https://api.spotify.com/v1/audio-analysis/1ndyl3wJCFs872XZ3ztPk6,258600.0,4.0
182,183,Shape of You,Ed Sheeran,5176,https://open.spotify.com/track/7qiZfU4dY1lWllzX7mPBI3,0.825,0.652,1.0,-3.1830000000000003,0.0,0.0802,0.581,0.0,0.0931,0.9309999999999999,95.977,audio_features,7qiZfU4dY1lWllzX7mPBI3,spotify:track:7qiZfU4dY1lWllzX7mPBI3,https://api.spotify.com/v1/audio-analysis/7qiZfU4dY1lWllzX7mPBI3,233713.0,4.0
183,184,Every Breath You Take,The Police,5176,https://open.spotify.com/track/1JSTJqkT5qHq8MDJnJbRE1,0.82,0.452,1.0,-9.796,1.0,0.0348,0.5429999999999999,0.00294,0.0714,0.74,117.40100000000001,audio_features,1JSTJqkT5qHq8MDJnJbRE1,spotify:track:1JSTJqkT5qHq8MDJnJbRE1,https://api.spotify.com/v1/audio-analysis/1JSTJqkT5qHq8MDJnJbRE1,253920.0,4.0
184,185,Estamos Bien,Bad Bunny,5163,https://open.spotify.com/track/2OWVCFTolecLiGZPquvWvT,0.759,0.536,9.0,-6.662999999999999,0.0,0.17300000000000001,0.821,4.57e-06,0.107,0.439,119.883,audio_features,2OWVCFTolecLiGZPquvWvT,spotify:track:2OWVCFTolecLiGZPquvWvT,https://api.spotify.com/v1/audio-analysis/2OWVCFTolecLiGZPquvWvT,208080.0,4.0
185,186,TKN (feat. Travis Scott),ROSALÍA,5149,https://open.spotify.com/track/4w47S36wQGBhGg073q3nt7,0.7759999999999999,0.509,0.0,-6.266,0.0,0.467,0.192,1.49e-06,0.115,0.485,94.634,audio_features,4w47S36wQGBhGg073q3nt7,spotify:track:4w47S36wQGBhGg073q3nt7,https://api.spotify.com/v1/audio-analysis/4w47S36wQGBhGg073q3nt7,129371.0,4.0
186,187,La Difícil,Camilo,5145,https://open.spotify.com/track/6fNJm8sYmCBbmkKpKgTReA,0.71,0.36200000000000004,1.0,-6.1979999999999995,0.0,0.09699999999999999,0.6779999999999999,0.0,0.151,0.546,106.20100000000001,audio_features,6fNJm8sYmCBbmkKpKgTReA,spotify:track:6fNJm8sYmCBbmkKpKgTReA,https://api.spotify.com/v1/audio-analysis/6fNJm8sYmCBbmkKpKgTReA,158018.0,1.0
187,188,Probablemente,Christian Nodal,5140,https://open.spotify.com/track/4prmUBle7TtAeeUgCnsc3Z,0.589,0.49,7.0,-5.291,1.0,0.0302,0.39299999999999996,0.0,0.11800000000000001,0.604,160.179,audio_features,4prmUBle7TtAeeUgCnsc3Z,spotify:track:4prmUBle7TtAeeUgCnsc3Z,https://api.spotify.com/v1/audio-analysis/4prmUBle7TtAeeUgCnsc3Z,233547.0,4.0
188,189,Quizas,Rich Music LTD,5124,https://open.spotify.com/track/5Id5B3dxJZhPcV9GzgYZZe,0.727,0.815,3.0,-2.454,1.0,0.153,0.0258,0.0,0.231,0.677,176.075,audio_features,5Id5B3dxJZhPcV9GzgYZZe,spotify:track:5Id5B3dxJZhPcV9GzgYZZe,https://api.spotify.com/v1/audio-analysis/5Id5B3dxJZhPcV9GzgYZZe,216067.0,4.0
189,190,Creo en Ti,Reik,5107,https://open.spotify.com/track/0xXhgLXfEHnWJHVgRvFvdn,0.42200000000000004,0.267,3.0,-9.533,1.0,0.0281,0.86,0.0,0.142,0.43200000000000005,171.725,audio_features,0xXhgLXfEHnWJHVgRvFvdn,spotify:track:0xXhgLXfEHnWJHVgRvFvdn,https://api.spotify.com/v1/audio-analysis/0xXhgLXfEHnWJHVgRvFvdn,163333.0,4.0
190,191,Definitivamente,Daddy Yankee,5092,https://open.spotify.com/track/113PlnpZbHd3WIqeYjhZWv,0.813,0.764,8.0,-3.39,0.0,0.105,0.586,0.0,0.253,0.429,100.04700000000001,audio_features,113PlnpZbHd3WIqeYjhZWv,spotify:track:113PlnpZbHd3WIqeYjhZWv,https://api.spotify.com/v1/audio-analysis/113PlnpZbHd3WIqeYjhZWv,217773.0,4.0
191,192,Por Debajo De La Mesa,Luis Miguel,5088,https://open.spotify.com/track/4FqfHVML025cwjfhAOFbfa,0.401,0.499,0.0,-7.643,1.0,0.0272,0.217,0.0,0.149,0.262,144.276,audio_features,4FqfHVML025cwjfhAOFbfa,spotify:track:4FqfHVML025cwjfhAOFbfa,https://api.spotify.com/v1/audio-analysis/4FqfHVML025cwjfhAOFbfa,184080.0,4.0
192,193,7 rings,Ariana Grande,5085,https://open.spotify.com/track/6ocbgoVGwYJhOv1GgI9NsF,0.778,0.317,1.0,-10.732000000000001,0.0,0.33399999999999996,0.5920000000000001,0.0,0.0881,0.327,140.048,audio_features,6ocbgoVGwYJhOv1GgI9NsF,spotify:track:6ocbgoVGwYJhOv1GgI9NsF,https://api.spotify.com/v1/audio-analysis/6ocbgoVGwYJhOv1GgI9NsF,178627.0,4.0
193,194,Memories,Maroon 5,5083,https://open.spotify.com/track/2b8fOow8UzyDFAE27YhOZM,0.764,0.32,11.0,-7.209,1.0,0.0546,0.8370000000000001,0.0,0.0822,0.575,91.01899999999999,audio_features,2b8fOow8UzyDFAE27YhOZM,spotify:track:2b8fOow8UzyDFAE27YhOZM,https://api.spotify.com/v1/audio-analysis/2b8fOow8UzyDFAE27YhOZM,189486.0,4.0
194,195,Perfect,Ed Sheeran,5063,https://open.spotify.com/track/0tgVpDi06FyKpA1z0VMD4v,0.599,0.44799999999999995,8.0,-6.312,1.0,0.0232,0.163,0.0,0.106,0.168,95.05,audio_features,0tgVpDi06FyKpA1z0VMD4v,spotify:track:0tgVpDi06FyKpA1z0VMD4v,https://api.spotify.com/v1/audio-analysis/0tgVpDi06FyKpA1z0VMD4v,263400.0,3.0
195,196,Feel Me,Rich Music LTD,5039,https://open.spotify.com/track/6KeweE0BlXx3AtjMKhBLaz,0.769,0.747,11.0,-4.56,0.0,0.127,0.12,7.48e-06,0.0417,0.807,81.03399999999999,audio_features,6KeweE0BlXx3AtjMKhBLaz,spotify:track:6KeweE0BlXx3AtjMKhBLaz,https://api.spotify.com/v1/audio-analysis/6KeweE0BlXx3AtjMKhBLaz,300267.0,4.0
196,197,Calma - Remix,Pedro Capó,5025,https://open.spotify.com/track/4U0JLGFHJpEnDS5w8F7ngE,0.826,0.764,11.0,-4.341,0.0,0.0522,0.337,0.0,0.161,0.7609999999999999,126.9,audio_features,4U0JLGFHJpEnDS5w8F7ngE,spotify:track:4U0JLGFHJpEnDS5w8F7ngE,https://api.spotify.com/v1/audio-analysis/4U0JLGFHJpEnDS5w8F7ngE,237627.0,4.0
197,198,I Like It,Cardi B,5013,https://open.spotify.com/track/58q2HKrzhC3ozto2nDdN4z,0.816,0.726,5.0,-3.998,0.0,0.129,0.099,0.0,0.37200000000000005,0.65,136.048,audio_features,58q2HKrzhC3ozto2nDdN4z,spotify:track:58q2HKrzhC3ozto2nDdN4z,https://api.spotify.com/v1/audio-analysis/58q2HKrzhC3ozto2nDdN4z,253390.0,4.0
198,199,goosebumps,Travis Scott,4938,https://open.spotify.com/track/6gBFPUFcJLzWGx4lenP6h2,0.841,0.728,7.0,-3.37,1.0,0.0484,0.0847,0.0,0.149,0.43,130.049,audio_features,6gBFPUFcJLzWGx4lenP6h2,spotify:track:6gBFPUFcJLzWGx4lenP6h2,https://api.spotify.com/v1/audio-analysis/6gBFPUFcJLzWGx4lenP6h2,243837.0,4.0
199,200,Corazón partío,Alejandro Sanz,4938,https://open.spotify.com/track/0wQCKR9OFjYu5Kzrk7WivJ,0.648,0.846,0.0,-6.731,1.0,0.0424,0.19899999999999998,4.23e-06,0.0803,0.815,160.075,audio_features,0wQCKR9OFjYu5Kzrk7WivJ,spotify:track:0wQCKR9OFjYu5Kzrk7WivJ,https://api.spotify.com/v1/audio-analysis/0wQCKR9OFjYu5Kzrk7WivJ,343413.0,4.0
